theta 	horizontal_polarization_intensity 	vertical_polarization_intensity 	x_coordinate 	y_coordinate 	r 	pixel_count
-0.3076 	10629 	39286 	516.0844 	284.11 	0.2706 	20
-0.308 	11346 	46171 	515.4804 	286.0115 	0.2457 	20
-0.3092 	11690 	43151 	514.8749 	287.9123 	0.2709 	21
-0.3113 	9283 	35447 	514.2664 	289.8118 	0.2619 	22
-0.3142 	8196 	33233 	513.6532 	291.7094 	0.2466 	20
-0.3179 	10289 	37843 	513.034 	293.6044 	0.2719 	20
-0.3225 	10791 	42260 	512.4071 	295.4962 	0.2553 	24
-0.3279 	11168 	34828 	511.7711 	297.3841 	0.3207 	20
-0.3341 	13055 	43663 	511.1243 	299.2675 	0.299 	20
-0.3412 	10987 	37628 	510.4653 	301.1457 	0.292 	22
-0.3491 	9861 	32142 	509.7926 	303.0181 	0.3068 	21
-0.3578 	13689 	41251 	509.1046 	304.884 	0.3318 	21
-0.3674 	10945 	35571 	508.3998 	306.7429 	0.3077 	20
-0.3778 	10299 	36372 	507.6768 	308.594 	0.2832 	20
-0.389 	10672 	35222 	506.9338 	310.4367 	0.303 	20
-0.4007 	10412 	33942 	506.1697 	312.2704 	0.3068 	21
-0.4125 	14103 	39792 	505.3844 	314.0946 	0.3544 	21
-0.4245 	14040 	36801 	504.5775 	315.9088 	0.3815 	21
-0.4367 	12887 	36429 	503.749 	317.7125 	0.3538 	20
-0.4491 	14466 	40146 	502.8986 	319.5053 	0.3603 	23
-0.4617 	12092 	33286 	502.0263 	321.2866 	0.3633 	18
-0.4745 	16214 	39485 	501.1319 	323.056 	0.4106 	23
-0.4874 	13377 	29113 	500.2152 	324.8129 	0.4595 	19
-0.5005 	14429 	33843 	499.2761 	326.557 	0.4264 	21
-0.5139 	11363 	28758 	498.3145 	328.2877 	0.3951 	20
-0.5274 	14638 	33184 	497.3301 	330.0045 	0.4411 	21
-0.5412 	15251 	29806 	496.3229 	331.7068 	0.5117 	21
-0.5551 	14405 	28536 	495.2927 	333.3944 	0.5048 	21
-0.5691 	15775 	28963 	494.2393 	335.0667 	0.5447 	20
-0.5829 	13628 	28914 	493.163 	336.7234 	0.4713 	21
-0.5963 	13586 	22943 	492.0646 	338.3649 	0.5922 	20
-0.6092 	19902 	25954 	490.9448 	339.9917 	0.7668 	20
-0.6216 	17506 	25510 	489.8046 	341.604 	0.6862 	22
-0.6336 	13881 	29437 	488.6449 	343.2023 	0.4715 	20
-0.6451 	17876 	31788 	487.4664 	344.7868 	0.5624 	21
-0.6562 	17082 	30825 	486.27 	346.358 	0.5542 	21
-0.6668 	14767 	24019 	485.0565 	347.9163 	0.6148 	21
-0.677 	15372 	24077 	483.8268 	349.462 	0.6385 	21
-0.6867 	19077 	25387 	482.5818 	350.9954 	0.7514 	21
-0.696 	18933 	24636 	481.3223 	352.517 	0.7685 	22
-0.7048 	22551 	23904 	480.049 	354.027 	0.9434 	20
-0.7132 	20243 	25515 	478.763 	355.526 	0.7934 	21
-0.7214 	20663 	23558 	477.4649 	357.0142 	0.8771 	22
-0.7299 	18023 	20479 	476.1549 	358.4912 	0.8801 	20
-0.7388 	20151 	24036 	474.8324 	359.9565 	0.8384 	21
-0.7482 	26216 	25874 	473.497 	361.4091 	1.0132 	24
-0.758 	26231 	24018 	472.1482 	362.8484 	1.0921 	21
-0.7682 	21053 	17293 	470.7854 	364.2737 	1.2174 	16
-0.779 	28473 	25278 	469.4082 	365.6841 	1.1264 	23
-0.7902 	27642 	22922 	468.0161 	367.0788 	1.2059 	22
-0.8018 	31372 	24635 	466.6085 	368.4572 	1.2735 	23
-0.814 	24202 	19609 	465.1849 	369.8184 	1.2342 	18
-0.8265 	23489 	17953 	463.7449 	371.1616 	1.3084 	21
-0.8396 	21607 	18513 	462.288 	372.4863 	1.1671 	22
-0.853 	26094 	17288 	460.8136 	373.7915 	1.5094 	21
-0.8669 	29994 	17333 	459.3213 	375.0765 	1.7305 	21
-0.881 	25943 	16853 	457.8106 	376.3407 	1.5394 	21
-0.895 	27054 	17645 	456.2819 	377.5839 	1.5332 	21
-0.9087 	31134 	20348 	454.7358 	378.8061 	1.5301 	21
-0.9222 	30882 	20184 	453.1727 	380.0075 	1.53 	21
-0.9355 	31869 	18572 	451.5934 	381.188 	1.716 	20
-0.9486 	31637 	17374 	449.9982 	382.3478 	1.8209 	21
-0.9616 	29787 	19796 	448.3878 	383.487 	1.5047 	21
-0.9743 	31658 	17985 	446.7628 	384.6055 	1.7602 	22
-0.9868 	25925 	16159 	445.1237 	385.7034 	1.6044 	20
-0.9992 	34092 	17324 	443.471 	386.7808 	1.9679 	21
-1.0114 	34402 	15202 	441.8054 	387.8378 	2.263 	21
-1.0234 	36621 	15209 	440.1274 	388.8743 	2.4079 	20
-1.0352 	36164 	16995 	438.4375 	389.8906 	2.1279 	20
-1.0469 	41913 	18005 	436.7364 	390.8865 	2.3279 	22
-1.0584 	36525 	17041 	435.0244 	391.8624 	2.1434 	20
-1.0695 	37988 	15383 	433.302 	392.8186 	2.4695 	20
-1.0804 	38221 	14648 	431.5693 	393.7557 	2.6093 	20
-1.091 	44568 	16930 	429.8267 	394.6741 	2.6325 	23
-1.1013 	32421 	12228 	428.0743 	395.5743 	2.6514 	19
-1.1113 	37748 	14362 	426.3126 	396.4569 	2.6283 	22
-1.121 	41893 	14091 	424.5416 	397.3223 	2.973 	21
-1.1305 	34922 	12938 	422.7618 	398.1711 	2.6992 	20
-1.1396 	39121 	13871 	420.9733 	399.0037 	2.8203 	21
-1.1484 	42871 	12910 	419.1764 	399.8206 	3.3208 	20
-1.157 	40392 	12984 	417.3715 	400.6224 	3.1109 	20
-1.1652 	43933 	13661 	415.5586 	401.4094 	3.2159 	20
-1.1732 	46466 	13927 	413.7382 	402.1823 	3.3364 	21
-1.1811 	44926 	14296 	411.9105 	402.9415 	3.1426 	20
-1.1894 	46723 	13514 	410.0756 	403.6865 	3.4574 	22
-1.1985 	37517 	11679 	408.2334 	404.416 	3.2123 	20
-1.2083 	45546 	12579 	406.3839 	405.1282 	3.6208 	21
-1.2189 	44092 	12675 	404.5268 	405.8216 	3.4787 	21
-1.2302 	49165 	11786 	402.6622 	406.4948 	4.1715 	19
-1.2423 	52295 	11509 	400.79 	407.1459 	4.5438 	20
-1.2552 	54388 	12804 	398.9101 	407.7736 	4.2477 	23
-1.2688 	46529 	10118 	397.0223 	408.3763 	4.5986 	20
-1.2832 	39427 	10316 	395.1267 	408.9523 	3.8219 	21
-1.2984 	44079 	10047 	393.2231 	409.5001 	4.3873 	20
-1.3143 	46812 	10463 	391.3114 	410.0182 	4.4741 	19
-1.3311 	48316 	10923 	389.3915 	410.5049 	4.4233 	22
-1.3486 	43975 	8963 	387.4634 	410.9588 	4.9063 	20
-1.3664 	43920 	9033 	385.5269 	411.3782 	4.8622 	21
-1.384 	42330 	10464 	383.5826 	411.7632 	4.0453 	21
-1.4012 	45261 	11148 	381.6309 	412.1145 	4.06 	20
-1.4178 	50058 	9882 	379.6725 	412.433 	5.0656 	20
-1.4339 	41537 	9452 	377.7081 	412.7195 	4.3945 	20
-1.4496 	48361 	9852 	375.7382 	412.9748 	4.9087 	21
-1.4648 	49723 	10241 	373.7637 	413.1998 	4.8553 	20
-1.4796 	48776 	10215 	371.785 	413.3953 	4.7749 	21
-1.4938 	51439 	11051 	369.8029 	413.5621 	4.6547 	22
-1.5077 	50317 	9576 	367.8179 	413.7012 	5.2545 	20
-1.521 	45362 	9113 	365.8307 	413.8132 	4.9777 	21
-1.534 	44296 	9039 	363.842 	413.8992 	4.9005 	21
-1.5465 	45428 	9387 	361.8524 	413.9598 	4.8395 	20
-1.5586 	46183 	9583 	359.8625 	413.996 	4.8193 	20
-1.5704 	46898 	9522 	357.873 	414.0084 	4.9252 	20
1.5595 	47681 	9881 	355.884 	413.9976 	4.8255 	20
1.5479 	44463 	9301 	353.8958 	413.9636 	4.7805 	18
1.5364 	47260 	9192 	351.9085 	413.9066 	5.1414 	19
1.5249 	48618 	9230 	349.9222 	413.8267 	5.2674 	19
1.5135 	47255 	9090 	347.937 	413.7241 	5.1986 	20
1.5022 	45141 	8265 	345.9529 	413.599 	5.4617 	19
1.491 	52065 	9365 	343.9704 	413.4515 	5.5595 	22
1.4798 	46075 	9260 	341.9893 	413.2819 	4.9757 	20
1.4688 	48107 	10019 	340.0098 	413.0903 	4.8016 	20
1.4578 	44138 	8726 	338.0321 	412.8767 	5.0582 	20
1.4469 	42201 	7759 	336.0563 	412.6415 	5.439 	20
1.436 	45435 	9120 	334.0826 	412.3847 	4.9819 	23
1.4253 	47966 	8294 	332.111 	412.1066 	5.7832 	20
1.4145 	44563 	9524 	330.1417 	411.8071 	4.679 	20
1.4035 	46926 	10179 	328.175 	411.4862 	4.6101 	21
1.3924 	43648 	9153 	326.2115 	411.1435 	4.7687 	20
1.3811 	45804 	9265 	324.2515 	410.7787 	4.9438 	21
1.3696 	44072 	9360 	322.2953 	410.3915 	4.7085 	21
1.3579 	47875 	10729 	320.3435 	409.9817 	4.4622 	20
1.3461 	47920 	10186 	318.3964 	409.5489 	4.7045 	20
1.334 	51220 	10171 	316.4545 	409.0928 	5.0359 	22
1.3218 	45725 	9309 	314.518 	408.6131 	4.9119 	20
1.3094 	41090 	9761 	312.5875 	408.1096 	4.2096 	21
1.2968 	47225 	10973 	310.6633 	407.582 	4.3037 	21
1.284 	47421 	10237 	308.7458 	407.0298 	4.6323 	20
1.271 	47599 	10629 	306.8356 	406.453 	4.4782 	22
1.2578 	42665 	9293 	304.9329 	405.8511 	4.5911 	20
1.2446 	41294 	9687 	303.0381 	405.224 	4.2628 	20
1.2315 	47844 	10485 	301.1513 	404.5719 	4.5631 	22
1.2185 	42884 	9521 	299.2728 	403.8951 	4.5041 	20
1.2056 	37346 	10736 	297.4026 	403.1938 	3.4786 	22
1.1929 	45968 	11164 	295.5408 	402.4684 	4.1175 	21
1.1803 	41764 	10946 	293.6877 	401.7191 	3.8155 	22
1.1677 	40176 	11579 	291.8432 	400.9462 	3.4697 	21
1.1553 	40601 	12111 	290.0076 	400.15 	3.3524 	20
1.1431 	32202 	10681 	288.181 	399.3307 	3.0149 	20
1.1309 	35197 	11804 	286.3635 	398.4887 	2.9818 	21
1.1188 	35278 	9466 	284.5552 	397.6242 	3.7268 	22
1.1069 	33258 	8444 	282.7563 	396.7375 	3.9387 	20
1.0951 	34883 	10765 	280.9669 	395.8289 	3.2404 	21
1.0833 	34372 	10831 	279.1872 	394.8986 	3.1735 	21
1.0714 	37041 	11104 	277.4173 	393.9469 	3.3358 	20
1.0593 	39991 	12736 	275.6582 	392.9736 	3.14 	22
1.047 	33702 	14071 	273.9106 	391.9786 	2.3951 	21
1.0344 	36006 	14408 	272.1753 	390.9619 	2.499 	21
1.0216 	36511 	13103 	270.4532 	389.9232 	2.7865 	21
1.0085 	32687 	13141 	268.7451 	388.8625 	2.4874 	20
0.9951 	28129 	13308 	267.0518 	387.7797 	2.1137 	21
0.9814 	31735 	13380 	265.3742 	386.6746 	2.3718 	23
0.9674 	30485 	12828 	263.713 	385.5471 	2.3764 	21
0.9532 	26783 	11787 	262.069 	384.397 	2.2722 	21
0.9386 	32182 	13474 	260.4432 	383.2244 	2.3885 	21
0.9237 	27958 	14822 	258.8363 	382.0289 	1.8863 	21
0.9085 	27420 	17006 	257.2491 	380.8107 	1.6124 	21
0.893 	28537 	15825 	255.6825 	379.5694 	1.8033 	21
0.8777 	31459 	16022 	254.1367 	378.3052 	1.9635 	22
0.8629 	28637 	15579 	252.611 	377.0185 	1.8382 	21
0.8485 	27893 	14425 	251.1041 	375.7096 	1.9337 	22
0.8347 	28492 	14666 	249.6153 	374.3791 	1.9427 	22
0.8214 	23154 	16046 	248.1433 	373.0273 	1.443 	23
0.8087 	22694 	15637 	246.6872 	371.6548 	1.4513 	21
0.7965 	17993 	12987 	245.2461 	370.2619 	1.3855 	16
0.7848 	28369 	20330 	243.8187 	368.8491 	1.3954 	23
0.7737 	27512 	19737 	242.4043 	367.4169 	1.3939 	22
0.7632 	29425 	23285 	241.0016 	365.9656 	1.2637 	23
0.7533 	26438 	21835 	239.6098 	364.4957 	1.2108 	23
0.744 	24005 	21867 	238.2277 	363.0078 	1.0978 	21
0.7352 	21700 	22058 	236.8544 	361.5021 	0.9838 	22
0.7268 	19345 	20476 	235.4889 	359.9792 	0.9448 	21
0.7184 	24843 	23271 	234.131 	358.4395 	1.0676 	22
0.7095 	21599 	26076 	232.7825 	356.8835 	0.8283 	22
0.7 	22130 	26504 	231.4456 	355.3117 	0.835 	22
0.6899 	18466 	23343 	230.1221 	353.7247 	0.7911 	22
0.6793 	20644 	22224 	228.8141 	352.123 	0.9289 	21
0.668 	17370 	23206 	227.5238 	350.507 	0.7485 	23
0.6562 	17991 	25478 	226.2531 	348.8774 	0.7061 	21
0.6436 	17098 	24636 	225.0041 	347.2345 	0.694 	23
0.6304 	14816 	24548 	223.7789 	345.579 	0.6036 	21
0.6164 	16023 	26493 	222.5793 	343.9114 	0.6048 	22
0.6017 	15598 	27070 	221.4076 	342.2321 	0.5762 	23
0.5861 	12656 	24401 	220.2658 	340.5416 	0.5187 	20
0.5698 	12869 	23263 	219.1558 	338.8406 	0.5532 	21
0.5526 	12117 	25099 	218.0797 	337.1295 	0.4828 	21
0.5351 	14285 	28214 	217.0392 	335.4087 	0.5063 	21
0.5178 	13792 	24261 	216.0337 	333.678 	0.5685 	22
0.5007 	9868 	23273 	215.062 	331.9373 	0.424 	21
0.484 	8701 	21018 	214.1228 	330.186 	0.414 	18
0.4677 	14921 	35876 	213.2149 	328.424 	0.4159 	24
0.4519 	10880 	29535 	212.3371 	326.6508 	0.3684 	19
0.4364 	10941 	23584 	211.4882 	324.8663 	0.4639 	20
0.4215 	13609 	35577 	210.6669 	323.0701 	0.3825 	22
0.407 	9360 	28224 	209.872 	321.2617 	0.3316 	21
0.3931 	9748 	24323 	209.1023 	319.441 	0.4008 	20
0.3798 	13692 	37513 	208.3566 	317.6077 	0.365 	22
0.3669 	12091 	33652 	207.6337 	315.7614 	0.3593 	21
0.3547 	11571 	30982 	206.9322 	313.9017 	0.3735 	21
0.343 	11684 	33280 	206.251 	312.0284 	0.3511 	20
0.3315 	13475 	40668 	205.5893 	310.1414 	0.3313 	23
0.3201 	10214 	36799 	204.9474 	308.2413 	0.2776 	20
0.3086 	7905 	29013 	204.3257 	306.329 	0.2725 	21
0.297 	12183 	41400 	203.7247 	304.4053 	0.2943 	21
0.2854 	9585 	35840 	203.1448 	302.4708 	0.2674 	21
0.2737 	11763 	41532 	202.5867 	300.5264 	0.2832 	21
0.2619 	8749 	33520 	202.0507 	298.5729 	0.261 	21
0.25 	10210 	39795 	201.5373 	296.611 	0.2566 	22
0.2379 	8762 	33283 	201.047 	294.6416 	0.2633 	21
0.2258 	9242 	38480 	200.5803 	292.6653 	0.2402 	21
0.2135 	9824 	38636 	200.1377 	290.683 	0.2543 	21
0.2011 	10234 	40989 	199.7197 	288.6956 	0.2497 	20
0.1885 	10036 	38040 	199.3266 	286.7036 	0.2638 	23
0.1757 	8088 	35586 	198.9591 	284.7079 	0.2273 	20
0.1629 	11974 	47394 	198.6175 	282.7093 	0.2526 	21
0.1501 	10067 	43747 	198.3017 	280.7079 	0.2301 	21
0.1373 	7167 	36324 	198.0117 	278.7039 	0.1973 	21
0.1246 	8989 	38088 	197.7475 	276.6976 	0.236 	20
0.1119 	10374 	49294 	197.5089 	274.689 	0.2105 	21
0.09929 	11145 	47694 	197.2958 	272.6784 	0.2337 	23
0.08669 	10982 	44056 	197.1081 	270.666 	0.2493 	21
0.07414 	11270 	47704 	196.9458 	268.6519 	0.2362 	21
0.06162 	9926 	46978 	196.8088 	266.6362 	0.2113 	20
0.04916 	9326 	41674 	196.697 	264.6193 	0.2238 	20
0.03674 	8744 	39914 	196.6103 	262.6012 	0.2191 	20
0.02436 	8894 	44110 	196.5486 	260.5822 	0.2016 	20
0.01204 	9221 	41683 	196.5119 	258.5623 	0.2212 	21
-0.0002454 	10432 	43361 	196.5 	256.5418 	0.2406 	22
-0.01251 	8144 	39955 	196.5129 	254.521 	0.2038 	21
-0.02478 	9638 	41702 	196.5505 	252.5 	0.2311 	20
-0.03706 	7454 	41582 	196.613 	250.4794 	0.1793 	20
-0.04936 	8928 	45032 	196.7003 	248.4594 	0.1983 	20
-0.06167 	9098 	42436 	196.8125 	246.4404 	0.2144 	20
-0.074 	7292 	37744 	196.9496 	244.4228 	0.1932 	20
-0.08636 	8691 	45858 	197.1116 	242.4069 	0.1895 	21
-0.09874 	10206 	41250 	197.2985 	240.3931 	0.2474 	22
-0.1112 	9354 	39444 	197.5103 	238.3817 	0.2371 	22
-0.1236 	9431 	40357 	197.7472 	236.3732 	0.2337 	21
-0.1361 	10721 	44107 	198.009 	234.3678 	0.2431 	20
-0.1486 	8675 	47294 	198.2959 	232.3659 	0.1834 	21
-0.1612 	11529 	38747 	198.6078 	230.3679 	0.2975 	21
-0.1738 	9692 	41974 	198.9448 	228.3742 	0.2309 	21
-0.1863 	9490 	42008 	199.3069 	226.3851 	0.2259 	20
-0.1989 	9087 	40694 	199.6939 	224.4008 	0.2233 	21
-0.2114 	8927 	41917 	200.1057 	222.4216 	0.213 	21
-0.2238 	11219 	44006 	200.5421 	220.4478 	0.2549 	22
-0.2361 	10757 	47071 	201.0029 	218.4794 	0.2285 	21
-0.2485 	9056 	35834 	201.488 	216.5169 	0.2527 	21
-0.2607 	9950 	39186 	201.9971 	214.5604 	0.2539 	22
-0.2729 	10472 	40464 	202.5302 	212.6102 	0.2588 	21
-0.285 	9758 	38650 	203.087 	210.6664 	0.2525 	21
-0.2971 	10817 	36130 	203.6674 	208.7294 	0.2994 	20
-0.3092 	13024 	43922 	204.2711 	206.7993 	0.2965 	23
-0.3212 	10145 	36182 	204.8981 	204.8765 	0.2804 	20
-0.3331 	10431 	43360 	205.5481 	202.961 	0.2406 	21
-0.345 	9775 	39050 	206.221 	201.0533 	0.2503 	22
-0.357 	10695 	37068 	206.9167 	199.1534 	0.2885 	21
-0.3691 	10393 	34799 	207.6351 	197.2619 	0.2987 	21
-0.3814 	12293 	40685 	208.3766 	195.3792 	0.3022 	22
-0.3938 	11194 	36359 	209.1413 	193.5059 	0.3079 	21
-0.4065 	13846 	34839 	209.9294 	191.6425 	0.3974 	21
-0.4193 	11467 	39547 	210.741 	189.7894 	0.29 	22
-0.4323 	11617 	34541 	211.5764 	187.9471 	0.3363 	21
-0.4455 	15130 	36291 	212.4357 	186.1163 	0.4169 	22
-0.4589 	11151 	29863 	213.3192 	184.2973 	0.3734 	19
-0.4724 	14149 	36452 	214.2269 	182.4906 	0.3882 	22
-0.4862 	13229 	36666 	215.1591 	180.6968 	0.3608 	22
-0.5002 	12520 	32989 	216.1161 	178.9164 	0.3795 	21
-0.5144 	10328 	28095 	217.0979 	177.1498 	0.3676 	21
-0.5288 	15446 	32084 	218.1047 	175.3976 	0.4814 	22
-0.5432 	13388 	30241 	219.1367 	173.6602 	0.4427 	21
-0.5575 	14641 	32770 	220.1936 	171.9379 	0.4468 	21
-0.5716 	14649 	28504 	221.2749 	170.2307 	0.5139 	21
-0.5856 	15679 	27993 	222.3801 	168.5388 	0.5601 	21
-0.5993 	19284 	34193 	223.5086 	166.8624 	0.564 	23
-0.6129 	15514 	29980 	224.6601 	165.2014 	0.5175 	20
-0.6263 	19356 	33895 	225.8339 	163.556 	0.5711 	23
-0.6396 	17173 	31395 	227.0296 	161.9264 	0.547 	21
-0.6527 	23355 	30498 	228.2468 	160.3125 	0.7658 	21
-0.6656 	15872 	27425 	229.4848 	158.7147 	0.5787 	21
-0.6784 	18524 	23934 	230.7432 	157.1328 	0.774 	22
-0.691 	17409 	25660 	232.0215 	155.5671 	0.6784 	22
-0.7034 	20002 	28562 	233.3192 	154.0177 	0.7003 	22
-0.7157 	21061 	25089 	234.6358 	152.4847 	0.8395 	21
-0.7279 	21616 	27516 	235.9708 	150.9682 	0.7856 	22
-0.74 	27338 	28657 	237.3239 	149.4682 	0.954 	23
-0.7521 	22477 	26847 	238.6947 	147.9851 	0.8372 	22
-0.7641 	16060 	19653 	240.0829 	146.5188 	0.8172 	19
-0.776 	17358 	17675 	241.4884 	145.0696 	0.9821 	21
-0.7879 	19449 	19794 	242.9107 	143.6375 	0.9826 	22
-0.7998 	20317 	18487 	244.3496 	142.2228 	1.099 	24
-0.8116 	24970 	20622 	245.8048 	140.8255 	1.2108 	22
-0.8234 	22104 	20586 	247.276 	139.4459 	1.0737 	23
-0.8351 	24590 	17046 	248.763 	138.0839 	1.4426 	21
-0.8468 	21777 	15939 	250.2654 	136.7399 	1.3663 	21
-0.8584 	26529 	19804 	251.7828 	135.4138 	1.3396 	22
-0.8701 	24947 	19258 	253.3152 	134.1059 	1.2954 	22
-0.8816 	25586 	15672 	254.8621 	132.8163 	1.6326 	21
-0.8931 	21951 	15524 	256.4232 	131.5452 	1.414 	21
-0.9045 	27695 	17580 	257.9984 	130.2923 	1.5754 	21
-0.9156 	24529 	18192 	259.5873 	129.0573 	1.3483 	23
-0.9265 	29506 	16525 	261.1896 	127.8401 	1.7855 	20
-0.9373 	30018 	19317 	262.8051 	126.6402 	1.554 	22
-0.9478 	29946 	17806 	264.4335 	125.4573 	1.6818 	22
-0.9581 	27554 	16331 	266.0745 	124.2912 	1.6872 	22
-0.9682 	26791 	13101 	267.7279 	123.1415 	2.045 	21
-0.9781 	25177 	13657 	269.3934 	122.008 	1.8435 	20
-0.9878 	32601 	15319 	271.0707 	120.8903 	2.1281 	22
-0.9973 	36827 	16505 	272.7595 	119.7882 	2.2313 	22
-1.0066 	29183 	13723 	274.4597 	118.7012 	2.1266 	20
-1.0156 	33060 	12896 	276.1708 	117.6292 	2.5636 	21
-1.0245 	36086 	13948 	277.8927 	116.5719 	2.5872 	21
-1.0335 	31001 	13822 	279.6251 	115.5289 	2.2429 	22
-1.0431 	27520 	12509 	281.368 	114.5013 	2.2 	22
-1.0536 	31294 	13223 	283.1217 	113.4911 	2.3666 	23
-1.065 	29056 	12108 	284.8863 	112.5001 	2.3997 	21
-1.0772 	36274 	12970 	286.6621 	111.5301 	2.7968 	22
-1.0903 	37457 	11530 	288.4493 	110.5831 	3.2487 	21
-1.1043 	44106 	12644 	290.2482 	109.6609 	3.4883 	23
-1.1192 	31511 	9187 	292.0588 	108.7655 	3.43 	18
-1.135 	38671 	11759 	293.8816 	107.8987 	3.2886 	22
-1.1518 	39686 	11042 	295.7167 	107.0624 	3.5941 	21
-1.1694 	34684 	10425 	297.5642 	106.2585 	3.327 	21
-1.188 	34048 	10322 	299.4245 	105.4888 	3.2986 	22
-1.2076 	33912 	9984 	301.2978 	104.7553 	3.3966 	21
-1.228 	35883 	8938 	303.1842 	104.0598 	4.0147 	21
-1.2487 	32477 	8677 	305.084 	103.4041 	3.7429 	22
-1.2686 	31636 	7264 	306.9967 	102.7876 	4.3552 	21
-1.2873 	34474 	7714 	308.9214 	102.2079 	4.469 	21
-1.3046 	34432 	8307 	310.8572 	101.6627 	4.1449 	20
-1.3207 	35808 	8169 	312.803 	101.1496 	4.3834 	22
-1.3356 	39678 	8389 	314.7581 	100.6663 	4.7298 	20
-1.3491 	36429 	8372 	316.7215 	100.2105 	4.3513 	22
-1.3614 	38266 	7718 	318.6922 	99.7797 	4.958 	20
-1.3725 	43803 	9575 	320.6694 	99.3716 	4.5747 	23
-1.3822 	41367 	9191 	322.652 	98.9839 	4.5008 	20
-1.3908 	40834 	8915 	324.6392 	98.6141 	4.5804 	21
-1.3981 	39951 	8416 	326.63 	98.26 	4.747 	21
-1.4042 	39443 	8610 	328.6235 	97.9191 	4.5811 	21
-1.4091 	40877 	9213 	330.6188 	97.5892 	4.4369 	21
-1.4134 	40440 	8077 	332.615 	97.268 	5.0068 	21
-1.4181 	40578 	7729 	334.6117 	96.9554 	5.2501 	21
-1.4236 	41104 	7530 	336.6089 	96.6532 	5.4587 	20
-1.43 	46608 	8448 	338.6067 	96.3631 	5.517 	22
-1.4374 	46905 	9220 	340.6051 	96.087 	5.0873 	21
-1.4456 	39964 	7781 	342.6042 	95.8265 	5.1361 	21
-1.4547 	39163 	6716 	344.6039 	95.5835 	5.8313 	19
-1.4646 	39536 	7085 	346.6045 	95.3598 	5.5802 	22
-1.4755 	36606 	7294 	348.6058 	95.1571 	5.0186 	20
-1.4873 	45672 	8324 	350.608 	94.9772 	5.4868 	20
-1.5 	47158 	8934 	352.6111 	94.8219 	5.2785 	20
-1.5135 	42066 	8858 	354.6151 	94.6929 	4.7489 	20
-1.528 	39038 	8184 	356.6201 	94.5921 	4.77 	20
-1.5433 	50023 	8314 	358.626 	94.5211 	6.0167 	21
-1.5591 	49290 	8754 	360.6331 	94.4817 	5.6306 	22
1.5671 	38210 	7616 	362.6412 	94.474 	5.0171 	20
1.5524 	47400 	8032 	364.6501 	94.4964 	5.9014 	22
1.5384 	41870 	8162 	366.6598 	94.5478 	5.1299 	21
1.5252 	43958 	8270 	368.6701 	94.6266 	5.3154 	20
1.5126 	39016 	7984 	370.6808 	94.7314 	4.8868 	20
1.5008 	40523 	7560 	372.6919 	94.8609 	5.3602 	21
1.4896 	38633 	7646 	374.7032 	95.0136 	5.0527 	21
1.4792 	39021 	7692 	376.7145 	95.1882 	5.0729 	21
1.4694 	42960 	7881 	378.7257 	95.3832 	5.4511 	22
1.4604 	45590 	9002 	380.7367 	95.5972 	5.0644 	21
1.4521 	42722 	8324 	382.7473 	95.8289 	5.1324 	20
1.4444 	43857 	8683 	384.7575 	96.0768 	5.0509 	21
1.4374 	42372 	9057 	386.767 	96.3396 	4.6784 	22
1.4307 	41659 	8286 	388.7757 	96.6159 	5.0276 	21
1.4235 	37856 	7268 	390.7831 	96.9058 	5.2086 	20
1.4155 	45614 	8577 	392.7886 	97.2111 	5.3182 	23
1.4066 	43706 	8536 	394.7914 	97.5332 	5.1202 	20
1.3969 	38060 	8074 	396.7908 	97.874 	4.7139 	20
1.3863 	44605 	8501 	398.7859 	98.2349 	5.247 	22
1.3748 	35349 	7727 	400.7761 	98.6178 	4.5747 	20
1.3624 	36996 	8199 	402.7606 	99.0241 	4.5123 	21
1.3492 	40476 	8306 	404.7387 	99.4555 	4.8731 	21
1.3351 	38444 	8416 	406.7097 	99.9138 	4.568 	20
1.32 	44362 	9353 	408.6727 	100.4005 	4.7431 	23
1.3041 	33720 	8176 	410.627 	100.9172 	4.1243 	21
1.2873 	35575 	8900 	412.572 	101.4657 	3.9972 	21
1.2696 	34312 	8752 	414.5069 	102.0476 	3.9205 	20
1.2514 	41320 	10681 	416.4309 	102.6644 	3.8686 	24
1.2335 	36572 	9334 	418.3437 	103.3165 	3.9181 	19
1.2162 	33764 	10345 	420.2456 	104.0023 	3.2638 	21
1.1998 	35983 	9313 	422.1369 	104.7207 	3.8637 	22
1.184 	38197 	8575 	424.0177 	105.4699 	4.4545 	21
1.169 	35241 	8437 	425.8884 	106.2487 	4.177 	20
1.1547 	36232 	9605 	427.7492 	107.0556 	3.7722 	21
1.1411 	40190 	10908 	429.6003 	107.889 	3.6845 	23
1.1283 	37748 	9858 	431.4421 	108.7477 	3.8292 	21
1.1162 	41936 	11425 	433.2747 	109.63 	3.6705 	21
1.1048 	40604 	11637 	435.0984 	110.5347 	3.4892 	23
1.0941 	37800 	10353 	436.9136 	111.4602 	3.6511 	20
1.0841 	32311 	11229 	438.7203 	112.405 	2.8775 	22
1.0748 	34302 	11123 	440.519 	113.3678 	3.0839 	21
1.066 	32213 	12635 	442.3098 	114.3471 	2.5495 	21
1.0567 	34008 	12803 	444.0923 	115.3424 	2.6563 	22
1.0465 	31162 	11649 	445.8651 	116.355 	2.6751 	21
1.0354 	30671 	12552 	447.6266 	117.386 	2.4435 	22
1.0234 	32019 	11378 	449.3754 	118.437 	2.8141 	21
1.0104 	33109 	14588 	451.1097 	119.5091 	2.2696 	23
0.9964 	31854 	12694 	452.8281 	120.6036 	2.5094 	21
0.9814 	29657 	13501 	454.529 	121.7219 	2.1967 	20
0.9655 	30775 	15808 	456.2109 	122.8654 	1.9468 	22
0.9485 	33022 	16166 	457.8721 	124.0352 	2.0427 	21
0.9306 	29821 	14512 	459.5112 	125.2327 	2.0549 	21
0.9116 	31729 	16384 	461.1266 	126.4593 	1.9366 	22
0.8917 	31003 	17075 	462.7168 	127.7163 	1.8157 	22
0.8707 	30799 	15596 	464.2802 	129.0049 	1.9748 	22
0.849 	23775 	13448 	465.8151 	130.3264 	1.7679 	21
0.8276 	29028 	15894 	467.3209 	131.6814 	1.8263 	23
0.8072 	25060 	16528 	468.7985 	133.0681 	1.5162 	23
0.788 	23210 	19035 	470.2491 	134.4846 	1.2193 	22
0.77 	19746 	14912 	471.6741 	135.9289 	1.3242 	20
0.7531 	22133 	17240 	473.0747 	137.3989 	1.2838 	21
0.7373 	25371 	23201 	474.4522 	138.8927 	1.0935 	22
0.7227 	28194 	22872 	475.8078 	140.4083 	1.2327 	22
0.7092 	29583 	26283 	477.1428 	141.9437 	1.1256 	22
0.6969 	23217 	21838 	478.4585 	143.497 	1.0631 	22
0.6857 	17142 	15774 	479.7562 	145.066 	1.0867 	20
0.6755 	21389 	21406 	481.037 	146.6489 	0.9992 	22
0.6665 	22468 	23607 	482.3023 	148.2437 	0.9518 	22
0.6585 	20795 	25972 	483.5533 	149.8483 	0.8007 	23
0.6515 	19397 	22925 	484.7913 	151.4607 	0.8461 	21
0.6448 	18298 	20854 	486.0173 	153.0795 	0.8774 	21
0.6378 	15763 	24516 	487.2308 	154.7049 	0.643 	21
0.6303 	19483 	26033 	488.4315 	156.3373 	0.7484 	23
0.6225 	17434 	23223 	489.6185 	157.9773 	0.7507 	21
0.6143 	16055 	25480 	490.7914 	159.6255 	0.6301 	21
0.6056 	14478 	26466 	491.9496 	161.2825 	0.547 	21
0.5966 	17157 	25835 	493.0925 	162.9487 	0.6641 	21
0.5872 	17335 	27193 	494.2195 	164.6248 	0.6375 	21
0.5773 	17638 	29850 	495.3301 	166.3113 	0.5909 	22
0.5671 	16635 	27531 	496.4236 	168.0088 	0.6042 	20
0.5565 	13030 	23705 	497.4996 	169.7178 	0.5497 	23
0.5455 	13111 	27251 	498.5573 	171.4388 	0.4811 	22
0.5341 	15158 	29139 	499.5961 	173.1725 	0.5202 	21
0.5223 	16072 	30439 	500.6157 	174.9193 	0.528 	22
0.5101 	14622 	32996 	501.6151 	176.6797 	0.4431 	20
0.4974 	13991 	29303 	502.5933 	178.4537 	0.4775 	21
0.484 	14021 	32434 	503.5485 	180.241 	0.4323 	25
0.4702 	11543 	23688 	504.4796 	182.0415 	0.4873 	18
0.4557 	15520 	31737 	505.3849 	183.8548 	0.489 	23
0.4406 	15596 	32618 	506.2631 	185.6808 	0.4781 	19
0.4249 	15838 	39265 	507.1127 	187.5192 	0.4034 	23
0.4086 	11794 	34311 	507.9323 	189.3699 	0.3437 	22
0.3916 	12384 	36098 	508.7204 	191.2326 	0.3431 	22
0.374 	11970 	27698 	509.4756 	193.1071 	0.4322 	19
0.3558 	10509 	34439 	510.1964 	194.9931 	0.3051 	22
0.3368 	11215 	37538 	510.8814 	196.8906 	0.2988 	20
0.3172 	11891 	39074 	511.5291 	198.7992 	0.3043 	22
0.297 	11905 	41705 	512.1381 	200.7187 	0.2855 	20
0.2771 	10494 	36353 	512.7075 	202.6488 	0.2887 	21
0.2581 	11725 	37535 	513.2387 	204.589 	0.3124 	21
0.2404 	11853 	35964 	513.7343 	206.5384 	0.3296 	21
0.224 	10286 	37294 	514.1965 	208.4963 	0.2758 	22
0.2088 	13657 	38828 	514.6281 	210.4619 	0.3517 	21
0.195 	10241 	41693 	515.0312 	212.4345 	0.2456 	20
0.1824 	11801 	43711 	515.4084 	214.4133 	0.27 	21
0.1711 	10967 	40683 	515.7621 	216.3975 	0.2696 	21
0.1611 	9232 	38110 	516.0949 	218.3864 	0.2422 	20
0.1523 	11105 	42269 	516.4091 	220.3793 	0.2627 	22
0.1448 	10188 	37106 	516.707 	222.3754 	0.2746 	20
0.1385 	8845 	38238 	516.9913 	224.3738 	0.2313 	20
0.1335 	9625 	44495 	517.2643 	226.3739 	0.2163 	22
0.1296 	9727 	39036 	517.5285 	228.3749 	0.2492 	20
0.1259 	10920 	46132 	517.7858 	230.3761 	0.2367 	20
0.1212 	11456 	44493 	518.0349 	232.3773 	0.2575 	21
0.1154 	9634 	42170 	518.2734 	234.3783 	0.2285 	20
0.1084 	11633 	48147 	518.4988 	236.3789 	0.2416 	23
0.1002 	8384 	41581 	518.7089 	238.3792 	0.2016 	20
0.09078 	10966 	39726 	518.9011 	240.3789 	0.276 	21
0.08012 	9670 	40110 	519.0729 	242.378 	0.2411 	20
0.06826 	9310 	41484 	519.222 	244.3764 	0.2244 	20
0.05516 	10229 	53150 	519.3461 	246.3739 	0.1925 	21
0.04082 	9985 	46069 	519.4426 	248.3704 	0.2167 	22
0.02522 	10284 	47041 	519.5091 	250.3658 	0.2186 	20
0.008389 	10190 	43170 	519.5432 	252.36 	0.236 	20
-0.009697 	8699 	37265 	519.5425 	254.3528 	0.2334 	20
-0.02883 	10241 	37831 	519.5046 	256.3442 	0.2707 	22
-0.04797 	10799 	48394 	519.4277 	258.3341 	0.2231 	21
-0.06594 	9108 	37802 	519.3136 	260.3225 	0.2409 	18
-0.08245 	12534 	48952 	519.1652 	262.3096 	0.256 	20
-0.09753 	8990 	42058 	518.9853 	264.2953 	0.2138 	19
-0.1111 	8397 	40263 	518.7767 	266.28 	0.2086 	20
-0.1233 	9949 	43397 	518.5425 	268.2637 	0.2293 	21
-0.134 	8168 	34732 	518.2853 	270.2465 	0.2352 	21
-0.1432 	9276 	41556 	518.0081 	272.2285 	0.2232 	20
-0.1511 	10597 	40455 	517.7137 	274.2098 	0.2619 	21
-0.1574 	11313 	44131 	517.405 	276.1905 	0.2564 	21
-0.1624 	11242 	46810 	517.0849 	278.1708 	0.2402 	21
-0.166 	9982 	42349 	516.7562 	280.1507 	0.2357 	21
-0.1681 	9198 	43802 	516.4217 	282.1304 	0.21 	21
-0.1688 	0 	0 	516.0844 	284.11 	NaN 	0