theta 	horizontal_polarization_intensity 	vertical_polarization_intensity 	x_coordinate 	y_coordinate 	r 	pixel_count
-0.3847 	10051 	40529 	508.0317 	307.1972 	0.248 	22
-0.3855 	11081 	40642 	507.2827 	309.0474 	0.2726 	20
-0.3879 	10813 	38963 	506.5308 	310.8959 	0.2775 	21
-0.392 	10739 	38064 	505.7733 	312.7411 	0.2821 	21
-0.3977 	13409 	41625 	505.0074 	314.5811 	0.3221 	21
-0.405 	14074 	42718 	504.2303 	316.4143 	0.3295 	21
-0.414 	14258 	42412 	503.4392 	318.2391 	0.3362 	21
-0.4247 	12445 	38942 	502.6312 	320.0536 	0.3196 	21
-0.437 	15410 	44815 	501.8036 	321.8563 	0.3439 	21
-0.451 	13063 	34425 	500.9535 	323.6453 	0.3795 	21
-0.4667 	14849 	35449 	500.0782 	325.419 	0.4189 	20
-0.4841 	13883 	36879 	499.1748 	327.1758 	0.3764 	21
-0.5032 	11546 	31330 	498.2406 	328.9138 	0.3685 	20
-0.524 	14182 	35553 	497.2726 	330.6315 	0.3989 	21
-0.546 	14074 	30545 	496.2682 	332.327 	0.4608 	20
-0.5677 	14444 	30792 	495.2261 	333.9997 	0.4691 	20
-0.5878 	15590 	34551 	494.1487 	335.6509 	0.4512 	22
-0.6063 	12076 	26804 	493.0386 	337.2823 	0.4505 	19
-0.6231 	16369 	27103 	491.8988 	338.8955 	0.604 	22
-0.6382 	18966 	27275 	490.7321 	340.4921 	0.6954 	20
-0.6516 	16110 	28868 	489.5412 	342.0739 	0.5581 	21
-0.6634 	15011 	36315 	488.329 	343.6425 	0.4134 	22
-0.6735 	17230 	33435 	487.0983 	345.1996 	0.5153 	20
-0.682 	15361 	31255 	485.852 	346.7467 	0.4915 	21
-0.6888 	14673 	25157 	484.5927 	348.2856 	0.5833 	21
-0.694 	17421 	28749 	483.3234 	349.8179 	0.606 	22
-0.6976 	17851 	27149 	482.0468 	351.3452 	0.6575 	21
-0.6996 	21139 	26077 	480.7657 	352.8693 	0.8106 	21
-0.7006 	21177 	27051 	479.4831 	354.3917 	0.7829 	21
-0.7022 	22225 	28577 	478.1994 	355.9125 	0.7777 	22
-0.7052 	17475 	24516 	476.9129 	357.4297 	0.7128 	21
-0.7097 	19782 	24566 	475.6214 	358.941 	0.8053 	21
-0.7158 	20997 	27110 	474.323 	360.4444 	0.7745 	22
-0.7233 	26845 	26411 	473.0155 	361.9377 	1.0164 	22
-0.7323 	25243 	26046 	471.6969 	363.4189 	0.9692 	21
-0.7428 	25743 	22833 	470.3652 	364.8856 	1.1274 	20
-0.7549 	23314 	24062 	469.0182 	366.3359 	0.9689 	20
-0.7685 	29521 	24686 	467.6539 	367.7675 	1.1959 	22
-0.7836 	31996 	28467 	466.2702 	369.1783 	1.124 	24
-0.8003 	25109 	21094 	464.8651 	370.5662 	1.1903 	20
-0.8184 	22244 	18721 	463.4365 	371.929 	1.1882 	20
-0.838 	21515 	19234 	461.9824 	373.2646 	1.1186 	22
-0.8584 	27672 	18747 	460.5008 	374.571 	1.4761 	21
-0.8782 	27853 	18490 	458.9918 	375.8478 	1.5064 	20
-0.8971 	26259 	19285 	457.4569 	377.0964 	1.3616 	22
-0.915 	28531 	19865 	455.8979 	378.3176 	1.4362 	21
-0.932 	32672 	22751 	454.3161 	379.5128 	1.4361 	21
-0.9479 	27973 	21624 	452.7134 	380.6828 	1.2936 	21
-0.963 	32168 	18566 	451.0912 	381.829 	1.7326 	20
-0.977 	31249 	21695 	449.4511 	382.9524 	1.4404 	22
-0.9902 	32043 	21440 	447.7949 	384.0541 	1.4945 	21
-1.0024 	26994 	17153 	446.1239 	385.1352 	1.5737 	20
-1.0137 	30001 	19185 	444.4399 	386.1969 	1.5638 	21
-1.0241 	31877 	17203 	442.7444 	387.2402 	1.853 	20
-1.0337 	38499 	16485 	441.0391 	388.2663 	2.3354 	21
-1.0423 	34107 	17878 	439.3255 	389.2763 	1.9078 	20
-1.0505 	40696 	18940 	437.6051 	390.2713 	2.1487 	21
-1.0585 	38689 	18676 	435.8781 	391.2516 	2.0716 	21
-1.0664 	38203 	18814 	434.1445 	392.2176 	2.0306 	21
-1.0743 	38647 	15438 	432.4039 	393.1694 	2.5034 	19
-1.0822 	40411 	18186 	430.6563 	394.1071 	2.2221 	22
-1.09 	40563 	15618 	428.9015 	395.0312 	2.5972 	21
-1.0978 	29031 	13021 	427.1392 	395.9417 	2.2296 	18
-1.1055 	43873 	17217 	425.3693 	396.8388 	2.5482 	23
-1.1131 	35551 	14388 	423.5916 	397.7228 	2.4709 	20
-1.1207 	43497 	16363 	421.8058 	398.594 	2.6583 	24
-1.1282 	36223 	13797 	420.012 	399.4524 	2.6254 	19
-1.1357 	45800 	14897 	418.2097 	400.2982 	3.0744 	21
-1.143 	40392 	14539 	416.3989 	401.1319 	2.7782 	20
-1.1504 	47733 	15432 	414.5794 	401.9534 	3.0931 	22
-1.1583 	44582 	15398 	412.751 	402.7627 	2.8953 	20
-1.1671 	45913 	15286 	410.9137 	403.5578 	3.0036 	22
-1.1771 	41336 	12853 	409.0673 	404.3361 	3.2161 	20
-1.1882 	42378 	13968 	407.212 	405.0953 	3.0339 	22
-1.2005 	44983 	13404 	405.3476 	405.8329 	3.3559 	21
-1.2139 	46822 	13638 	403.4741 	406.5465 	3.4332 	20
-1.2284 	52916 	13126 	401.5914 	407.2336 	4.0314 	20
-1.2441 	49468 	12213 	399.6996 	407.8918 	4.0504 	20
-1.261 	50428 	12647 	397.7986 	408.5186 	3.9873 	23
-1.2791 	39805 	11010 	395.8884 	409.1116 	3.6153 	21
-1.2985 	40679 	10374 	393.9689 	409.6684 	3.9212 	20
-1.319 	53344 	12898 	392.04 	410.1864 	4.1358 	22
-1.3407 	44369 	11000 	390.1019 	410.6633 	4.0335 	19
-1.3634 	44883 	10587 	388.1543 	411.0966 	4.2394 	21
-1.386 	44192 	9788 	386.1975 	411.4848 	4.5149 	21
-1.4074 	41059 	10346 	384.2321 	411.8298 	3.9686 	21
-1.4276 	41489 	11979 	382.2588 	412.1341 	3.4635 	20
-1.4464 	54934 	11844 	380.2783 	412.4001 	4.6381 	21
-1.4639 	41051 	9833 	378.2914 	412.6302 	4.1748 	20
-1.4801 	45081 	9834 	376.2987 	412.8271 	4.5842 	20
-1.495 	44988 	10686 	374.3011 	412.9933 	4.21 	19
-1.5086 	49152 	10823 	372.2993 	413.131 	4.5414 	19
-1.5209 	43704 	10686 	370.294 	413.243 	4.0898 	20
-1.5319 	52956 	10240 	368.2859 	413.3315 	5.1715 	20
-1.5417 	44148 	10132 	366.2758 	413.3992 	4.3573 	20
-1.5502 	41960 	9248 	364.2644 	413.4485 	4.5372 	20
-1.5575 	43129 	9917 	362.2524 	413.4819 	4.349 	21
-1.5638 	52450 	11302 	360.2406 	413.5019 	4.6408 	22
-1.5699 	43026 	10078 	358.2296 	413.5101 	4.2693 	20
1.5651 	50290 	10494 	356.2195 	413.5056 	4.7923 	20
1.5579 	45876 	11284 	354.2104 	413.4871 	4.0656 	22
1.55 	51486 	10740 	352.2025 	413.4536 	4.7939 	21
1.5415 	49498 	10788 	350.1959 	413.4036 	4.5882 	20
1.5324 	50560 	10372 	348.1907 	413.3359 	4.8747 	20
1.5226 	51774 	10202 	346.187 	413.2494 	5.0749 	21
1.5122 	51487 	10136 	344.185 	413.1428 	5.0796 	21
1.5012 	45198 	10032 	342.1847 	413.0147 	4.5054 	20
1.4896 	51235 	11416 	340.1863 	412.864 	4.488 	21
1.4773 	45095 	9370 	338.1899 	412.6895 	4.8127 	20
1.4644 	42113 	8430 	336.1956 	412.4898 	4.9956 	22
1.4509 	42799 	9235 	334.2034 	412.2638 	4.6344 	21
1.4369 	46581 	9038 	332.2137 	412.0101 	5.1539 	20
1.4227 	45414 	10170 	330.2264 	411.7281 	4.4655 	20
1.4087 	48936 	11604 	328.2421 	411.4178 	4.2172 	22
1.3949 	43408 	9878 	326.261 	411.0796 	4.3944 	20
1.3812 	42896 	9472 	324.2834 	410.714 	4.5287 	20
1.3677 	46476 	10611 	322.3099 	410.3214 	4.38 	22
1.3543 	47635 	11613 	320.3408 	409.9019 	4.1019 	20
1.3411 	52303 	11904 	318.3763 	409.4562 	4.3937 	22
1.3281 	47666 	10156 	316.417 	408.9846 	4.6934 	20
1.3152 	46690 	10252 	314.4631 	408.4873 	4.5542 	21
1.3024 	42466 	11013 	312.5151 	407.9648 	3.856 	21
1.2898 	48652 	11910 	310.5732 	407.4175 	4.085 	21
1.2773 	49435 	11582 	308.638 	406.8458 	4.2683 	21
1.265 	42457 	10161 	306.7097 	406.25 	4.1784 	20
1.2527 	48701 	11756 	304.7888 	405.6304 	4.1427 	23
1.2405 	42255 	10640 	302.8755 	404.9875 	3.9713 	20
1.2284 	44602 	10548 	300.9702 	404.3214 	4.2285 	21
1.2163 	47166 	11889 	299.0729 	403.6321 	3.9672 	22
1.2041 	35687 	10966 	297.1841 	402.9199 	3.2543 	20
1.1921 	45262 	12264 	295.3038 	402.1847 	3.6906 	21
1.18 	40232 	11831 	293.4323 	401.4268 	3.4006 	21
1.1679 	41471 	12916 	291.57 	400.6463 	3.2108 	21
1.1559 	40861 	13337 	289.7169 	399.8433 	3.0637 	22
1.1438 	31246 	11752 	287.8733 	399.0179 	2.6588 	20
1.1318 	32807 	11996 	286.0395 	398.1703 	2.7348 	20
1.1198 	36728 	10206 	284.2157 	397.3006 	3.5987 	21
1.1078 	38922 	11312 	282.402 	396.4088 	3.4408 	23
1.0958 	31765 	12065 	280.5988 	395.4951 	2.6328 	20
1.0838 	37745 	12515 	278.8063 	394.5598 	3.016 	23
1.0717 	40028 	12131 	277.0247 	393.6027 	3.2996 	21
1.0595 	34826 	13591 	275.2545 	392.6237 	2.5624 	20
1.047 	34119 	15628 	273.4962 	391.6228 	2.1832 	22
1.0344 	38301 	15437 	271.75 	390.5996 	2.4811 	21
1.0217 	36798 	14775 	270.0165 	389.5542 	2.4906 	22
1.0087 	30768 	15029 	268.2962 	388.4862 	2.0472 	22
0.9956 	32111 	15202 	266.5894 	387.3956 	2.1123 	22
0.9823 	28942 	13863 	264.8966 	386.2821 	2.0877 	21
0.9688 	28282 	13262 	263.2183 	385.1457 	2.1326 	21
0.9551 	28375 	13359 	261.5549 	383.986 	2.124 	20
0.9413 	33453 	15779 	259.9068 	382.803 	2.1201 	22
0.9272 	28068 	17902 	258.2744 	381.5965 	1.5679 	23
0.913 	27310 	18542 	256.6583 	380.3663 	1.4729 	21
0.8986 	29572 	16347 	255.0589 	379.1122 	1.809 	21
0.884 	30776 	17244 	253.4766 	377.8342 	1.7847 	22
0.869 	29087 	16975 	251.9126 	376.5323 	1.7135 	22
0.8537 	27713 	15234 	250.368 	375.2065 	1.8192 	22
0.8381 	21223 	14927 	248.844 	373.8568 	1.4218 	21
0.8222 	23436 	17137 	247.3417 	372.4835 	1.3676 	21
0.8058 	24053 	18455 	245.8622 	371.0866 	1.3033 	23
0.7891 	27677 	21535 	244.4067 	369.6661 	1.2852 	23
0.772 	26741 	21219 	242.9763 	368.2221 	1.2602 	23
0.7545 	27734 	21831 	241.5723 	366.7548 	1.2704 	20
0.7366 	21441 	22868 	240.1957 	365.264 	0.9376 	21
0.7182 	24801 	21634 	238.8477 	363.7501 	1.1464 	21
0.6994 	23010 	26151 	237.5295 	362.213 	0.8799 	23
0.6801 	21529 	24549 	236.2421 	360.6527 	0.877 	22
0.6605 	21327 	22732 	234.9868 	359.0695 	0.9382 	20
0.6415 	23321 	27302 	233.7642 	357.4635 	0.8542 	22
0.6239 	20859 	28055 	232.5721 	355.8362 	0.7435 	21
0.6081 	22106 	29449 	231.4075 	354.1896 	0.7507 	23
0.5941 	17351 	23852 	230.2673 	352.5254 	0.7274 	20
0.5818 	20080 	23484 	229.1485 	350.8456 	0.8551 	21
0.5714 	17763 	29476 	228.0481 	349.1519 	0.6026 	22
0.5627 	18975 	28783 	226.963 	347.4462 	0.6592 	21
0.5558 	16261 	26619 	225.8902 	345.7304 	0.6109 	21
0.5507 	16529 	30191 	224.8265 	344.0064 	0.5475 	21
0.5473 	14975 	31272 	223.769 	342.276 	0.4789 	22
0.5457 	18129 	31859 	222.7146 	340.541 	0.569 	21
0.5459 	13990 	29797 	221.6602 	338.8034 	0.4695 	20
0.5478 	15874 	29625 	220.6029 	337.065 	0.5358 	21
0.5513 	16563 	34608 	219.5394 	335.3276 	0.4786 	24
0.5549 	17698 	33974 	218.4676 	333.5927 	0.5209 	22
0.5566 	13319 	30395 	217.3899 	331.8596 	0.4382 	21
0.5559 	11666 	28994 	216.311 	330.1265 	0.4024 	22
0.5527 	16029 	35826 	215.2354 	328.3913 	0.4474 	21
0.5472 	13331 	41839 	214.1678 	326.6523 	0.3186 	22
0.5392 	13829 	32731 	213.113 	324.9077 	0.4225 	20
0.5288 	15211 	38504 	212.0755 	323.1556 	0.395 	21
0.5159 	10828 	35851 	211.0599 	321.3942 	0.302 	21
0.5006 	10768 	30405 	210.071 	319.6215 	0.3542 	22
0.4827 	12068 	38521 	209.1133 	317.8357 	0.3133 	21
0.4623 	11612 	37241 	208.1916 	316.0351 	0.3118 	20
0.4394 	12892 	34995 	207.3104 	314.2177 	0.3684 	21
0.4139 	11175 	37956 	206.4744 	312.3816 	0.2944 	21
0.3861 	12336 	40561 	205.6882 	310.5251 	0.3041 	22
0.3572 	10821 	43116 	204.9562 	308.6465 	0.251 	21
0.3295 	7378 	31195 	204.2778 	306.7462 	0.2365 	20
0.3036 	11737 	41561 	203.6498 	304.8259 	0.2824 	22
0.2797 	9212 	38514 	203.0688 	302.8875 	0.2392 	21
0.2576 	11429 	42717 	202.5317 	300.9328 	0.2676 	20
0.2374 	8637 	43334 	202.035 	298.9633 	0.1993 	23
0.2191 	10237 	38802 	201.5754 	296.9811 	0.2638 	21
0.2026 	7992 	40481 	201.1497 	294.9877 	0.1974 	22
0.1879 	8945 	38541 	200.7544 	292.985 	0.2321 	20
0.1751 	10084 	45701 	200.3864 	290.9747 	0.2207 	22
0.1639 	10366 	47065 	200.0423 	288.9587 	0.2202 	21
0.1546 	9341 	37574 	199.7187 	286.9386 	0.2486 	20
0.1469 	9111 	43762 	199.4124 	284.9163 	0.2082 	23
0.141 	10989 	49093 	199.1201 	282.8934 	0.2238 	20
0.136 	11292 	53390 	198.8386 	280.8718 	0.2115 	21
0.1311 	7886 	43342 	198.5669 	278.852 	0.1819 	20
0.1255 	10493 	46311 	198.3063 	276.8338 	0.2266 	23
0.1192 	9968 	52617 	198.058 	274.8168 	0.1894 	20
0.1124 	10308 	50594 	197.8231 	272.8007 	0.2037 	21
0.1048 	11007 	48021 	197.6031 	270.7851 	0.2292 	20
0.09669 	11710 	54163 	197.399 	268.7698 	0.2162 	23
0.08791 	9737 	51727 	197.2121 	266.7543 	0.1882 	20
0.0785 	9370 	48630 	197.0436 	264.7383 	0.1927 	21
0.06845 	8645 	44130 	196.8949 	262.7216 	0.1959 	21
0.05779 	8779 	49192 	196.767 	260.7038 	0.1785 	21
0.04651 	8888 	45086 	196.6613 	258.6845 	0.1971 	20
0.03462 	10094 	46434 	196.579 	256.6634 	0.2174 	20
0.02214 	8087 	44082 	196.5212 	254.6402 	0.1835 	21
0.009143 	9511 	46292 	196.4893 	252.6146 	0.2055 	22
-0.004212 	7229 	46278 	196.4842 	250.5866 	0.1562 	22
-0.01784 	8715 	49576 	196.5064 	248.5572 	0.1758 	21
-0.03176 	8858 	46530 	196.5566 	246.527 	0.1904 	20
-0.04597 	7052 	41364 	196.6354 	244.4969 	0.1705 	20
-0.06048 	8308 	49350 	196.7433 	242.4677 	0.1683 	20
-0.0753 	9496 	43370 	196.881 	240.4402 	0.219 	20
-0.09045 	8126 	40618 	197.0491 	238.4151 	0.2001 	22
-0.1059 	8192 	39288 	197.2481 	236.3932 	0.2085 	20
-0.1217 	9988 	50211 	197.4786 	234.3753 	0.1989 	22
-0.1379 	8544 	51521 	197.7412 	232.3623 	0.1658 	22
-0.1545 	10933 	40388 	198.0366 	230.3549 	0.2707 	21
-0.1713 	8190 	40497 	198.3653 	228.3539 	0.2022 	20
-0.1886 	9590 	48363 	198.7279 	226.3601 	0.1983 	22
-0.206 	8806 	42664 	199.125 	224.3743 	0.2064 	20
-0.223 	8693 	46236 	199.5563 	222.3969 	0.188 	22
-0.2392 	9546 	42085 	200.0202 	220.4275 	0.2268 	20
-0.2545 	9839 	49979 	200.515 	218.4659 	0.1969 	21
-0.2689 	9522 	41078 	201.0389 	216.5118 	0.2318 	22
-0.2825 	9389 	43213 	201.5902 	214.5648 	0.2173 	21
-0.2952 	8013 	39779 	202.1672 	212.6245 	0.2014 	21
-0.307 	9931 	42214 	202.7681 	210.6908 	0.2353 	21
-0.3179 	11435 	43246 	203.3912 	208.7632 	0.2644 	22
-0.328 	10663 	41401 	204.0348 	206.8414 	0.2576 	20
-0.3371 	11239 	43848 	204.6971 	204.9251 	0.2563 	22
-0.3455 	9644 	47659 	205.3764 	203.014 	0.2024 	21
-0.3529 	8881 	39398 	206.071 	201.1078 	0.2254 	22
-0.3595 	11113 	43161 	206.7791 	199.2061 	0.2575 	21
-0.3656 	9442 	36118 	207.499 	197.3086 	0.2614 	21
-0.3719 	11197 	41732 	208.23 	195.4154 	0.2683 	21
-0.3791 	11783 	41155 	208.9736 	193.5276 	0.2863 	22
-0.3874 	13711 	39986 	209.7316 	191.6464 	0.3429 	21
-0.3967 	11031 	42246 	210.5057 	189.7728 	0.2611 	22
-0.407 	11559 	38088 	211.2975 	187.9081 	0.3035 	22
-0.4183 	14492 	38740 	212.1089 	186.0534 	0.3741 	21
-0.4307 	11675 	34879 	212.9416 	184.2098 	0.3347 	20
-0.4441 	13523 	38738 	213.7972 	182.3785 	0.3491 	22
-0.4585 	11776 	36932 	214.6776 	180.5607 	0.3189 	20
-0.474 	13481 	39338 	215.5844 	178.7576 	0.3427 	23
-0.4905 	9596 	29906 	216.5194 	176.9701 	0.3209 	21
-0.508 	13298 	31231 	217.4844 	175.1996 	0.4258 	21
-0.5266 	14602 	35818 	218.481 	173.4472 	0.4077 	24
-0.5461 	13446 	33204 	219.511 	171.714 	0.405 	22
-0.5655 	14050 	29481 	220.5753 	170.0009 	0.4766 	20
-0.5845 	16089 	32979 	221.6729 	168.3078 	0.4879 	22
-0.6028 	16941 	33839 	222.8025 	166.6347 	0.5006 	22
-0.6206 	15898 	32295 	223.9626 	164.9814 	0.4923 	21
-0.6378 	16959 	34279 	225.152 	163.3478 	0.4947 	22
-0.6544 	16095 	32431 	226.3693 	161.7339 	0.4963 	21
-0.6704 	23413 	34059 	227.6133 	160.1394 	0.6874 	22
-0.6858 	15365 	29907 	228.8825 	158.5642 	0.5138 	21
-0.7008 	16922 	24566 	230.1756 	157.0084 	0.6888 	22
-0.7151 	17946 	27125 	231.4913 	155.4717 	0.6616 	22
-0.729 	19527 	31160 	232.8282 	153.954 	0.6267 	22
-0.7423 	22935 	30890 	234.1851 	152.4552 	0.7425 	23
-0.7551 	20106 	28769 	235.5605 	150.9753 	0.6989 	21
-0.7674 	20935 	23392 	236.9532 	149.514 	0.895 	18
-0.7793 	23955 	31454 	238.362 	148.0712 	0.7616 	24
-0.7909 	19402 	26037 	239.7862 	146.6463 	0.7452 	22
-0.802 	20007 	22989 	241.2253 	145.239 	0.8703 	24
-0.8128 	19185 	21585 	242.6786 	143.8485 	0.8888 	22
-0.8233 	15905 	16515 	244.1457 	142.4745 	0.9631 	21
-0.8333 	22341 	19167 	245.626 	141.1162 	1.1656 	21
-0.843 	22116 	24188 	247.119 	139.7733 	0.9143 	22
-0.8523 	25995 	19981 	248.6239 	138.4452 	1.301 	21
-0.8612 	23812 	19363 	250.1404 	137.1314 	1.2298 	21
-0.8698 	26963 	21614 	251.6678 	135.8312 	1.2475 	21
-0.8779 	24621 	21138 	253.2056 	134.5443 	1.1648 	22
-0.8857 	25248 	17718 	254.7531 	133.2699 	1.425 	22
-0.8931 	22297 	16817 	256.3099 	132.0077 	1.3259 	20
-0.9003 	28755 	19754 	257.8754 	130.7571 	1.4557 	22
-0.9074 	24103 	19437 	259.4492 	129.5178 	1.2401 	21
-0.915 	26621 	18537 	261.0317 	128.2904 	1.4361 	22
-0.9229 	32419 	20614 	262.6233 	127.0755 	1.5727 	22
-0.9312 	28989 	20706 	264.2244 	125.8739 	1.4 	20
-0.9399 	31577 	18768 	265.8355 	124.686 	1.6825 	22
-0.949 	26164 	15235 	267.4569 	123.5127 	1.7174 	21
-0.9585 	25330 	14861 	269.0891 	122.3545 	1.7045 	21
-0.9684 	30571 	15632 	270.7324 	121.2121 	1.9557 	22
-0.9787 	33166 	16445 	272.3874 	120.0862 	2.0168 	20
-0.9893 	30138 	15088 	274.0545 	118.9775 	1.9975 	21
-1.0003 	31527 	14414 	275.734 	117.8865 	2.1872 	21
-1.0117 	34944 	13863 	277.4264 	116.814 	2.5207 	21
-1.0235 	32953 	15409 	279.132 	115.7606 	2.1386 	22
-1.0357 	26317 	13792 	280.8515 	114.727 	1.9081 	20
-1.0483 	30011 	13374 	282.5848 	113.7139 	2.244 	22
-1.0614 	28291 	13531 	284.332 	112.7227 	2.0908 	20
-1.0749 	28543 	12133 	286.0926 	111.7545 	2.3525 	20
-1.0889 	42523 	14667 	287.8666 	110.8106 	2.8992 	23
-1.1035 	35459 	11723 	289.6535 	109.8923 	3.0247 	20
-1.1185 	37422 	11378 	291.4533 	109.0007 	3.289 	22
-1.1341 	32140 	10732 	293.2656 	108.1373 	2.9948 	20
-1.1502 	38479 	11638 	295.0901 	107.3032 	3.3063 	21
-1.1668 	35731 	11344 	296.9268 	106.4996 	3.1498 	21
-1.184 	34697 	12213 	298.7752 	105.7279 	2.841 	21
-1.2018 	34743 	11087 	300.6352 	104.9893 	3.1337 	21
-1.2202 	35036 	9519 	302.5066 	104.285 	3.6806 	21
-1.2391 	32211 	9399 	304.3889 	103.6164 	3.4271 	20
-1.2583 	30686 	8124 	306.2822 	102.9845 	3.7772 	22
-1.2768 	33379 	7928 	308.1858 	102.3895 	4.2103 	20
-1.294 	36490 	9289 	310.0992 	101.8287 	3.9283 	22
-1.3098 	31784 	7980 	312.0218 	101.2996 	3.983 	20
-1.3242 	38527 	9128 	313.9527 	100.7995 	4.2207 	22
-1.3371 	36688 	8651 	315.8914 	100.3255 	4.2409 	20
-1.3487 	34926 	8399 	317.8372 	99.875 	4.1584 	21
-1.3588 	39529 	8748 	319.7892 	99.4452 	4.5186 	21
-1.3675 	40305 	9748 	321.747 	99.0335 	4.1347 	20
-1.3749 	41339 	9815 	323.7098 	98.6372 	4.2118 	21
-1.3808 	42119 	10259 	325.677 	98.2535 	4.1056 	22
-1.3853 	39239 	8915 	327.6477 	97.8797 	4.4015 	20
-1.3884 	37045 	8983 	329.6215 	97.5132 	4.1239 	20
-1.3901 	40151 	9045 	331.5975 	97.1511 	4.439 	22
-1.391 	37396 	8200 	333.5751 	96.7908 	4.5605 	20
-1.3927 	43583 	8484 	335.5538 	96.4321 	5.1371 	22
-1.396 	42303 	8588 	337.5336 	96.0782 	4.9258 	21
-1.401 	44493 	9157 	339.5144 	95.7326 	4.8589 	21
-1.4078 	35449 	7665 	341.4961 	95.3989 	4.6248 	20
-1.4163 	35718 	7056 	343.4786 	95.0807 	5.0621 	21
-1.4266 	37951 	7134 	345.4619 	94.7815 	5.3197 	20
-1.4387 	37377 	7933 	347.4459 	94.5048 	4.7116 	22
-1.4526 	36000 	7438 	349.4305 	94.2542 	4.84 	20
-1.4682 	41346 	8126 	351.4156 	94.0333 	5.0881 	21
-1.4857 	41334 	8551 	353.4012 	93.8455 	4.8338 	21
-1.505 	37524 	8434 	355.3873 	93.6946 	4.4491 	20
-1.5262 	39939 	8130 	357.3736 	93.5839 	4.9125 	20
-1.5491 	43079 	8184 	359.3602 	93.5171 	5.2638 	22
1.5686 	40253 	8246 	361.347 	93.4977 	4.8815 	22
1.5455 	41100 	8108 	363.334 	93.5259 	5.0691 	20
1.5242 	41682 	8157 	365.3212 	93.5983 	5.11 	20
1.5048 	37361 	7644 	367.3085 	93.7113 	4.8876 	19
1.4872 	38825 	8216 	369.2961 	93.8611 	4.7255 	20
1.4716 	32730 	7176 	371.2839 	94.0442 	4.561 	19
1.4578 	36114 	7347 	373.272 	94.2568 	4.9155 	20
1.4459 	38344 	8073 	375.2605 	94.4953 	4.7497 	22
1.4359 	38896 	8053 	377.2492 	94.756 	4.83 	20
1.4277 	38010 	7734 	379.2383 	95.0352 	4.9147 	20
1.4213 	45435 	9218 	381.2278 	95.3293 	4.9289 	22
1.4167 	42731 	9537 	383.2177 	95.6346 	4.4805 	21
1.414 	42117 	8939 	385.2081 	95.9474 	4.7116 	21
1.413 	39563 	9219 	387.1989 	96.2641 	4.2915 	21
1.4129 	40669 	8438 	389.1901 	96.5811 	4.8197 	20
1.412 	43320 	8736 	391.1813 	96.8983 	4.9588 	21
1.4093 	41005 	8755 	393.1714 	97.2189 	4.6836 	22
1.405 	43436 	9031 	395.1594 	97.5462 	4.8097 	20
1.3989 	38195 	8775 	397.1443 	97.8837 	4.3527 	21
1.3911 	44715 	9399 	399.1249 	98.2346 	4.7574 	22
1.3815 	33853 	8103 	401.1002 	98.6022 	4.1778 	21
1.3702 	36618 	8554 	403.0693 	98.9901 	4.2808 	20
1.3571 	40869 	9366 	405.031 	99.4015 	4.3635 	22
1.3422 	38436 	9013 	406.9843 	99.8398 	4.2645 	20
1.3255 	43324 	9976 	408.9281 	100.3083 	4.3428 	22
1.307 	31236 	8592 	410.8615 	100.8104 	3.6355 	20
1.2867 	35192 	9405 	412.7833 	101.3495 	3.7418 	21
1.2647 	37380 	10361 	414.6926 	101.9288 	3.6078 	22
1.2419 	34388 	9682 	416.5882 	102.5517 	3.5517 	20
1.2196 	36417 	10262 	418.4701 	103.2183 	3.5487 	20
1.1988 	33439 	11010 	420.339 	103.9258 	3.0371 	20
1.1794 	35727 	10032 	422.1954 	104.6717 	3.5613 	22
1.1615 	38300 	9547 	424.04 	105.4531 	4.0117 	22
1.145 	35296 	8879 	425.8736 	106.2673 	3.9752 	20
1.1299 	33407 	9538 	427.6968 	107.1117 	3.5025 	19
1.1162 	41837 	12503 	429.5102 	107.9834 	3.3462 	24
1.1039 	33786 	9531 	431.3145 	108.8798 	3.5449 	19
1.093 	45394 	13483 	433.1104 	109.7981 	3.3668 	23
1.0835 	34241 	10832 	434.8984 	110.7356 	3.1611 	19
1.0753 	42242 	12700 	436.6794 	111.6896 	3.3261 	22
1.0685 	28908 	10857 	438.454 	112.6574 	2.6626 	21
1.0629 	38762 	13830 	440.2228 	113.6362 	2.8027 	21
1.0581 	33448 	14181 	441.9865 	114.6234 	2.3586 	21
1.0527 	34150 	13368 	443.7446 	115.6187 	2.5546 	20
1.0462 	32968 	14280 	445.4958 	116.624 	2.3087 	23
1.0386 	29558 	13775 	447.2388 	117.6409 	2.1458 	20
1.0299 	35034 	12656 	448.9724 	118.6712 	2.7682 	21
1.0202 	30803 	14269 	450.6951 	119.7167 	2.1587 	21
1.0093 	30136 	14058 	452.4056 	120.7791 	2.1437 	21
0.9973 	32040 	15510 	454.1027 	121.8603 	2.0658 	21
0.9842 	29323 	16455 	455.785 	122.962 	1.782 	20
0.9699 	32760 	18054 	457.4512 	124.086 	1.8146 	22
0.9546 	32697 	17000 	459.0999 	125.2341 	1.9234 	21
0.9382 	33794 	18456 	460.73 	126.408 	1.8311 	23
0.9206 	28014 	17150 	462.3399 	127.6095 	1.6335 	21
0.902 	32315 	18135 	463.9285 	128.8404 	1.7819 	21
0.8828 	25522 	15679 	465.4944 	130.1024 	1.6278 	22
0.8635 	24024 	15419 	467.0368 	131.3956 	1.5581 	21
0.8447 	22961 	15346 	468.5557 	132.7191 	1.4962 	21
0.8263 	23075 	19810 	470.0508 	134.0717 	1.1648 	22
0.8082 	22408 	18533 	471.5219 	135.4523 	1.2091 	23
0.7904 	23676 	20675 	472.9688 	136.8598 	1.1452 	23
0.773 	24004 	23994 	474.3913 	138.2931 	1.0004 	21
0.7559 	24424 	21846 	475.7892 	139.7509 	1.118 	20
0.7392 	24489 	25084 	477.1624 	141.2324 	0.9763 	21
0.7227 	26200 	26588 	478.5106 	142.7362 	0.9854 	22
0.7065 	18264 	17896 	479.8336 	144.2614 	1.0206 	21
0.6906 	20151 	20812 	481.1312 	145.8067 	0.9682 	21
0.6749 	20917 	24009 	482.4033 	147.3712 	0.8712 	22
0.6595 	17855 	25996 	483.6496 	148.9535 	0.6868 	21
0.6445 	19353 	25492 	484.87 	150.5528 	0.7592 	21
0.6302 	17160 	23435 	486.0652 	152.1679 	0.7322 	22
0.6168 	16811 	23827 	487.237 	153.798 	0.7055 	21
0.6042 	16985 	26459 	488.3868 	155.4422 	0.6419 	21
0.5926 	16890 	26740 	489.5164 	157.0997 	0.6316 	21
0.5819 	17260 	27099 	490.6274 	158.7696 	0.6369 	23
0.5722 	13646 	26904 	491.7214 	160.4511 	0.5072 	20
0.5633 	16332 	28933 	492.8001 	162.1432 	0.5645 	21
0.5554 	16266 	28649 	493.8651 	163.8452 	0.5678 	21
0.5484 	17275 	30690 	494.9181 	165.556 	0.5629 	21
0.5424 	18084 	32365 	495.9606 	167.275 	0.5588 	22
0.5373 	12858 	25487 	496.9944 	169.0012 	0.5045 	19
0.5331 	12685 	28800 	498.021 	170.7337 	0.4405 	22
0.5297 	13451 	30805 	499.0421 	172.4717 	0.4366 	21
0.5266 	15663 	31321 	500.0592 	174.2144 	0.5001 	21
0.5223 	15132 	37584 	501.0711 	175.9619 	0.4026 	21
0.5163 	14922 	36011 	502.0744 	177.7151 	0.4144 	22
0.5086 	14437 	33969 	503.0655 	179.4749 	0.425 	21
0.4991 	10907 	27414 	504.0409 	181.2423 	0.3979 	20
0.4877 	14510 	31310 	504.9969 	183.0182 	0.4634 	22
0.4746 	13024 	28919 	505.9301 	184.8035 	0.4504 	18
0.4597 	16844 	46716 	506.8369 	186.5993 	0.3606 	24
0.4429 	11276 	31848 	507.7137 	188.4064 	0.3541 	20
0.4243 	12330 	42581 	508.5569 	190.2257 	0.2896 	23
0.4037 	12241 	33245 	509.3632 	192.0583 	0.3682 	20
0.3813 	10482 	33341 	510.1288 	193.9051 	0.3144 	21
0.3571 	10138 	38757 	510.8502 	195.7669 	0.2616 	20
0.331 	10772 	42091 	511.5239 	197.6448 	0.2559 	21
0.3042 	11980 	41409 	512.1465 	199.5396 	0.2893 	21
0.2785 	10731 	41520 	512.7187 	201.4509 	0.2585 	20
0.2549 	10162 	38881 	513.2439 	203.3773 	0.2614 	21
0.2333 	12061 	39498 	513.726 	205.3173 	0.3054 	21
0.2137 	10293 	39484 	514.1686 	207.2694 	0.2607 	21
0.1961 	10675 	39181 	514.5756 	209.2322 	0.2725 	20
0.1806 	12616 	46319 	514.9504 	211.2043 	0.2724 	21
0.167 	11542 	43652 	515.297 	213.1842 	0.2644 	21
0.1554 	9497 	44185 	515.619 	215.1705 	0.2149 	20
0.1457 	12064 	49891 	515.92 	217.1616 	0.2418 	21
0.138 	8013 	39768 	516.204 	219.1561 	0.2015 	20
0.1323 	11262 	45530 	516.4745 	221.1526 	0.2474 	22
0.1284 	9570 	43280 	516.7354 	223.1497 	0.2211 	21
0.1264 	7911 	42486 	516.9901 	225.1457 	0.1862 	20
0.1254 	9662 	47479 	517.2424 	227.1395 	0.2035 	20
0.1238 	9263 	44026 	517.4923 	229.1306 	0.2104 	22
0.1211 	12030 	53861 	517.7377 	231.1195 	0.2234 	20
0.1173 	10171 	43397 	517.9762 	233.1065 	0.2344 	20
0.1123 	10827 	51335 	518.2057 	235.0921 	0.2109 	21
0.1061 	9700 	50616 	518.4239 	237.0767 	0.1916 	22
0.09885 	8364 	44406 	518.6285 	239.0608 	0.1884 	20
0.09038 	9878 	41760 	518.8174 	241.0446 	0.2365 	20
0.08077 	9258 	41926 	518.9882 	243.0287 	0.2208 	20
0.07001 	9480 	48320 	519.1387 	245.0136 	0.1962 	20
0.05809 	9096 	53684 	519.2666 	246.9995 	0.1694 	20
0.04506 	9169 	47889 	519.3698 	248.9869 	0.1915 	19
0.03088 	11279 	55487 	519.4459 	250.9763 	0.2033 	20
0.01562 	8982 	39521 	519.4927 	252.9681 	0.2273 	19
-0.000367 	8321 	40175 	519.5082 	254.9625 	0.2071 	20
-0.01664 	10495 	43478 	519.4913 	256.9591 	0.2414 	24
-0.03303 	11319 	56107 	519.4417 	258.9569 	0.2017 	21
-0.04956 	9054 	41803 	519.3593 	260.9549 	0.2166 	20
-0.06625 	12739 	58374 	519.2435 	262.9521 	0.2182 	21
-0.08309 	10188 	52492 	519.0944 	264.9476 	0.1941 	20
-0.1001 	7346 	41308 	518.9114 	266.9404 	0.1778 	20
-0.1174 	8708 	43789 	518.6943 	268.9294 	0.1989 	21
-0.1348 	9765 	45938 	518.4428 	270.9137 	0.2126 	22
-0.1525 	8549 	42154 	518.1567 	272.8924 	0.2028 	20
-0.1704 	10921 	45575 	517.8356 	274.8644 	0.2396 	20
-0.1886 	10419 	48970 	517.4792 	276.8288 	0.2128 	20
-0.207 	10623 	49767 	517.0873 	278.7845 	0.2135 	21
-0.2257 	9290 	46758 	516.6597 	280.7307 	0.1987 	20
-0.2439 	7679 	42741 	516.1961 	282.6665 	0.1797 	21
-0.261 	11515 	45380 	515.6986 	284.5922 	0.2537 	20
-0.2768 	12934 	56166 	515.1698 	286.5086 	0.2303 	22
-0.2911 	10317 	41820 	514.6123 	288.4165 	0.2467 	20
-0.3042 	7931 	37682 	514.0287 	290.3166 	0.2105 	21
-0.3158 	9150 	36995 	513.4215 	292.2098 	0.2473 	21
-0.3261 	10613 	43597 	512.7935 	294.0968 	0.2434 	20
-0.335 	9671 	39445 	512.1472 	295.9783 	0.2452 	21
-0.3425 	12078 	45136 	511.4852 	297.8552 	0.2676 	21
-0.3486 	12114 	45836 	510.8102 	299.7283 	0.2643 	21
-0.3534 	9014 	37304 	510.1247 	301.5982 	0.2416 	21
-0.3568 	10811 	36684 	509.4314 	303.4658 	0.2947 	21
-0.3589 	13958 	46608 	508.7329 	305.3319 	0.2995 	21
-0.3595 	0 	0 	508.0317 	307.1972 	NaN 	0