theta 	horizontal_polarization_intensity 	vertical_polarization_intensity 	x_coordinate 	y_coordinate 	r 	pixel_count
-0.3072 	11094 	43065 	516.5692 	284.7837 	0.2576 	20
-0.3076 	12846 	54779 	515.9644 	286.6903 	0.2345 	22
-0.3089 	10125 	40890 	515.3579 	288.5963 	0.2476 	19
-0.3109 	7493 	34080 	514.7485 	290.5009 	0.2199 	21
-0.3138 	9162 	40232 	514.1345 	292.4037 	0.2277 	22
-0.3175 	10327 	41073 	513.5144 	294.304 	0.2514 	20
-0.322 	8846 	37962 	512.8868 	296.201 	0.233 	20
-0.3273 	12549 	46057 	512.25 	298.0944 	0.2725 	23
-0.3335 	11928 	42785 	511.6027 	299.9832 	0.2788 	20
-0.3404 	8668 	37287 	510.9432 	301.8671 	0.2325 	21
-0.3483 	10773 	36143 	510.27 	303.7452 	0.2981 	20
-0.3569 	12945 	44234 	509.5817 	305.6171 	0.2926 	20
-0.3664 	9829 	39317 	508.8767 	307.482 	0.25 	21
-0.3767 	11011 	39540 	508.1535 	309.3393 	0.2785 	21
-0.3877 	11372 	40595 	507.4106 	311.1884 	0.2801 	21
-0.3993 	10233 	35684 	506.6467 	313.0287 	0.2868 	21
-0.4111 	13459 	41993 	505.8615 	314.8596 	0.3205 	21
-0.4231 	13987 	40435 	505.0548 	316.6806 	0.3459 	21
-0.4352 	13665 	41666 	504.2264 	318.4911 	0.328 	21
-0.4476 	13035 	39587 	503.3762 	320.2906 	0.3293 	21
-0.4602 	13273 	38938 	502.5039 	322.0786 	0.3409 	19
-0.4731 	15074 	39499 	501.6094 	323.8546 	0.3816 	23
-0.4861 	13942 	33852 	500.6924 	325.6179 	0.4119 	20
-0.4994 	15153 	37655 	499.7529 	327.368 	0.4024 	21
-0.5129 	11158 	31578 	498.7906 	329.1044 	0.3533 	21
-0.5266 	13452 	34479 	497.8053 	330.8266 	0.3902 	20
-0.5406 	13350 	29861 	496.7968 	332.5339 	0.4471 	21
-0.5548 	14245 	29729 	495.765 	334.226 	0.4792 	21
-0.569 	14130 	32089 	494.7097 	335.9022 	0.4403 	20
-0.5831 	13066 	29608 	493.631 	337.5623 	0.4413 	22
-0.5966 	16112 	26208 	492.5299 	339.2069 	0.6148 	21
-0.6095 	19477 	28517 	491.4073 	340.8365 	0.683 	21
-0.6219 	15662 	28010 	490.2643 	342.4517 	0.5592 	20
-0.6336 	12696 	31065 	489.1019 	344.0532 	0.4087 	20
-0.6448 	18930 	36637 	487.9209 	345.6414 	0.5167 	22
-0.6554 	15751 	31574 	486.7224 	347.217 	0.4989 	21
-0.6654 	14454 	24812 	485.5074 	348.7806 	0.5825 	22
-0.6749 	15236 	25991 	484.277 	350.3328 	0.5862 	20
-0.6837 	19533 	28824 	483.032 	351.8741 	0.6777 	22
-0.692 	20562 	25139 	481.7734 	353.4052 	0.8179 	21
-0.6997 	18492 	24632 	480.5024 	354.9265 	0.7507 	21
-0.7068 	20494 	26716 	479.2197 	356.4388 	0.7671 	22
-0.7137 	19040 	25663 	477.9265 	357.9426 	0.7419 	21
-0.7212 	19874 	25443 	476.6227 	359.4374 	0.7811 	21
-0.7295 	19633 	25651 	475.3074 	360.9218 	0.7654 	21
-0.7388 	20634 	22479 	473.9795 	362.394 	0.9179 	20
-0.749 	23541 	24324 	472.6379 	363.8526 	0.9678 	21
-0.7602 	29586 	27996 	471.2815 	365.2958 	1.0568 	24
-0.7724 	24618 	25688 	469.9092 	366.7222 	0.9583 	22
-0.7855 	24670 	21163 	468.5201 	368.1301 	1.1657 	19
-0.7996 	26714 	22920 	467.1131 	369.5179 	1.1655 	19
-0.8147 	29446 	24387 	465.6871 	370.8839 	1.2074 	22
-0.8307 	25027 	22204 	464.2409 	372.2267 	1.1271 	23
-0.8478 	21203 	18596 	462.7736 	373.5445 	1.1402 	21
-0.8658 	26174 	18251 	461.2841 	374.8358 	1.4341 	21
-0.8848 	26497 	17345 	459.7713 	376.0991 	1.5276 	20
-0.904 	28803 	19676 	458.2343 	377.3327 	1.4639 	22
-0.9227 	26234 	19220 	456.6736 	378.537 	1.3649 	21
-0.9404 	30859 	22247 	455.0906 	379.7131 	1.3871 	21
-0.9571 	28766 	22223 	453.4869 	380.8625 	1.2944 	20
-0.9728 	29947 	18262 	451.864 	381.9863 	1.6399 	20
-0.9875 	33446 	20648 	450.2232 	383.0858 	1.6198 	22
-1.0013 	29077 	21496 	448.5661 	384.1623 	1.3527 	21
-1.0142 	30575 	18574 	446.8942 	385.2171 	1.6461 	20
-1.026 	24940 	17573 	445.2088 	386.2515 	1.4192 	20
-1.037 	33975 	18585 	443.5116 	387.2667 	1.8281 	22
-1.047 	34805 	16106 	441.8039 	388.2641 	2.161 	20
-1.0561 	36246 	16886 	440.0872 	389.2448 	2.1465 	20
-1.0642 	35521 	18063 	438.3631 	390.2102 	1.9665 	20
-1.0715 	43232 	20363 	436.633 	391.1615 	2.1231 	22
-1.0783 	34209 	18065 	434.8981 	392.0999 	1.8937 	20
-1.0849 	38476 	16249 	433.1585 	393.0259 	2.3679 	20
-1.0915 	41888 	18101 	431.4142 	393.9398 	2.3141 	21
-1.098 	36662 	15186 	429.6648 	394.8418 	2.4142 	20
-1.1044 	38962 	15609 	427.9101 	395.7321 	2.4961 	23
-1.1107 	33011 	13716 	426.15 	396.6112 	2.4068 	19
-1.117 	39439 	14920 	424.3842 	397.4793 	2.6434 	20
-1.1232 	41111 	16208 	422.6125 	398.3365 	2.5365 	23
-1.1293 	33112 	13519 	420.8347 	399.1834 	2.4493 	19
-1.1353 	46262 	14775 	419.0507 	400.02 	3.1311 	21
-1.1412 	39984 	14485 	417.2601 	400.8466 	2.7604 	20
-1.147 	44483 	15053 	415.4627 	401.6637 	2.9551 	21
-1.1527 	45723 	14841 	413.6584 	402.4713 	3.0809 	20
-1.1585 	44742 	15440 	411.847 	403.2699 	2.8978 	21
-1.1651 	43912 	13478 	410.0283 	404.0588 	3.2581 	20
-1.1727 	38237 	13147 	408.2019 	404.8358 	2.9084 	21
-1.1817 	42403 	12938 	406.3678 	405.5981 	3.2774 	20
-1.1919 	45634 	13429 	404.5257 	406.3431 	3.3982 	21
-1.2034 	49922 	13636 	402.6755 	407.0682 	3.661 	20
-1.2161 	53819 	13053 	400.8168 	407.7708 	4.1231 	21
-1.2301 	45224 	11880 	398.9496 	408.4481 	3.8067 	20
-1.2455 	48167 	11645 	397.0736 	409.0977 	4.1363 	22
-1.2621 	35591 	10456 	395.1887 	409.7167 	3.4039 	20
-1.2801 	45120 	11038 	393.2944 	410.3026 	4.0877 	20
-1.2994 	49257 	11964 	391.3909 	410.8528 	4.1171 	21
-1.3201 	42850 	11055 	389.4777 	411.3646 	3.8761 	20
-1.342 	46722 	10288 	387.5547 	411.8354 	4.5414 	21
-1.3648 	45399 	10449 	385.6217 	412.2625 	4.3448 	22
-1.3872 	36602 	10055 	383.679 	412.6453 	3.6402 	19
-1.4086 	42803 	11774 	381.7272 	412.9855 	3.6354 	20
-1.4289 	50464 	11049 	379.7675 	413.2853 	4.5673 	21
-1.448 	42862 	10101 	377.8004 	413.5466 	4.2433 	21
-1.4661 	43978 	9816 	375.8271 	413.7715 	4.4802 	20
-1.483 	45883 	10450 	373.8483 	413.9619 	4.3907 	20
-1.4989 	48042 	11325 	371.8648 	414.1201 	4.2421 	21
-1.5137 	48179 	10719 	369.8776 	414.2479 	4.4947 	20
-1.5274 	51087 	10663 	367.8875 	414.3474 	4.7911 	21
-1.5401 	46310 	9962 	365.8953 	414.4206 	4.6487 	21
-1.5518 	41834 	9287 	363.902 	414.4697 	4.5046 	20
-1.5624 	47353 	10565 	361.9085 	414.4965 	4.4821 	22
1.5696 	47859 	10830 	359.9155 	414.5031 	4.4191 	22
1.5606 	46454 	10298 	357.9239 	414.4916 	4.511 	21
1.5519 	43423 	9317 	355.934 	414.4627 	4.6606 	18
1.543 	44643 	10622 	353.9459 	414.4163 	4.2029 	19
1.5339 	45819 	10001 	351.9595 	414.3521 	4.5814 	19
1.5248 	50592 	10551 	349.9746 	414.2699 	4.795 	20
1.5155 	44970 	9351 	347.9912 	414.1694 	4.8091 	19
1.5061 	48691 	9615 	346.0093 	414.0505 	5.0641 	20
1.4967 	48648 	9273 	344.0287 	413.9129 	5.2462 	20
1.487 	44900 	9722 	342.0494 	413.7564 	4.6184 	20
1.4773 	47127 	10663 	340.0714 	413.5807 	4.4197 	20
1.4675 	46607 	9629 	338.0944 	413.3857 	4.8403 	22
1.4576 	41507 	8188 	336.1185 	413.171 	5.0692 	20
1.4476 	40836 	8741 	334.1437 	412.9365 	4.6718 	20
1.4374 	47620 	9088 	332.1697 	412.6819 	5.2399 	21
1.4271 	45442 	9788 	330.1967 	412.407 	4.6426 	21
1.4162 	45004 	10876 	328.225 	412.111 	4.1379 	20
1.4048 	42518 	10040 	326.2556 	411.7928 	4.2349 	20
1.3928 	46653 	9800 	324.2893 	411.4515 	4.7605 	22
1.3802 	42250 	9476 	322.3269 	411.0861 	4.4586 	20
1.367 	44306 	10676 	320.3692 	410.6953 	4.1501 	20
1.3533 	47051 	10842 	318.4171 	410.2782 	4.3397 	21
1.3389 	49546 	10476 	316.4714 	409.8339 	4.7295 	21
1.324 	46619 	10431 	314.5329 	409.3611 	4.4693 	21
1.3084 	42443 	10632 	312.6025 	408.859 	3.992 	21
1.2921 	43154 	11326 	310.6811 	408.3264 	3.8102 	20
1.2753 	49930 	11649 	308.7693 	407.7622 	4.2862 	21
1.2578 	40722 	10084 	306.8681 	407.1656 	4.0383 	21
1.2398 	41949 	10008 	304.9784 	406.5354 	4.1915 	20
1.2217 	45669 	10990 	303.1008 	405.8708 	4.1555 	22
1.2042 	40409 	9690 	301.2352 	405.1728 	4.1702 	19
1.1876 	43655 	10544 	299.3814 	404.4429 	4.1403 	21
1.1719 	38139 	11224 	297.5391 	403.6829 	3.398 	21
1.157 	43117 	11691 	295.7076 	402.8943 	3.6881 	21
1.1429 	41744 	11441 	293.8869 	402.0789 	3.6486 	21
1.1297 	35254 	10970 	292.0765 	401.2384 	3.2137 	18
1.1174 	44531 	14280 	290.2759 	400.3743 	3.1184 	23
1.1058 	31277 	11039 	288.485 	399.4883 	2.8333 	19
1.0951 	37437 	14056 	286.7032 	398.5821 	2.6634 	24
1.0853 	31180 	9215 	284.9303 	397.6573 	3.3836 	18
1.0762 	36451 	10023 	283.1658 	396.7156 	3.6367 	22
1.068 	32932 	11214 	281.4095 	395.7587 	2.9367 	21
1.0605 	34419 	12354 	279.6609 	394.7881 	2.7861 	21
1.0532 	38952 	12112 	277.9197 	393.8054 	3.216 	21
1.0456 	37570 	13357 	276.1865 	392.8101 	2.8128 	20
1.0375 	36023 	15922 	274.4615 	391.8014 	2.2625 	22
1.0289 	33503 	14661 	272.7454 	390.7786 	2.2852 	20
1.0198 	38311 	15203 	271.0386 	389.7408 	2.52 	21
1.0102 	33955 	14896 	269.3418 	388.6872 	2.2795 	21
1.0002 	28769 	14377 	267.6554 	387.6169 	2.001 	21
0.9896 	29854 	13736 	265.9799 	386.5293 	2.1734 	21
0.9786 	28539 	13819 	264.3158 	385.4233 	2.0652 	21
0.9671 	30973 	14080 	262.6637 	384.2983 	2.1998 	22
0.9551 	30572 	14552 	261.0241 	383.1534 	2.1009 	21
0.9427 	27631 	14846 	259.3975 	381.9879 	1.8612 	21
0.9298 	29043 	19346 	257.7844 	380.8007 	1.5012 	21
0.9164 	30220 	18535 	256.1854 	379.5912 	1.6304 	22
0.9026 	30582 	17502 	254.6011 	378.3586 	1.7473 	22
0.8882 	30953 	17937 	253.0328 	377.1027 	1.7257 	21
0.8733 	27068 	15584 	251.4821 	375.8231 	1.7369 	21
0.8579 	27238 	15029 	249.9506 	374.5198 	1.8124 	22
0.8418 	18856 	15303 	248.4397 	373.1924 	1.2322 	21
0.8252 	23011 	16884 	246.9509 	371.8408 	1.3629 	21
0.808 	25010 	19403 	245.4858 	370.4648 	1.289 	22
0.7901 	28093 	22158 	244.0459 	369.0641 	1.2678 	23
0.7717 	27248 	21515 	242.6327 	367.6385 	1.2665 	22
0.7525 	24264 	20493 	241.2477 	366.188 	1.184 	19
0.7327 	22007 	22128 	239.8926 	364.7121 	0.9945 	21
0.7123 	26893 	24011 	238.5687 	363.2108 	1.12 	22
0.6911 	21330 	23408 	237.2776 	361.6837 	0.9112 	21
0.6695 	21650 	25683 	236.0209 	360.1308 	0.843 	22
0.6485 	24344 	23917 	234.7992 	358.5522 	1.0179 	21
0.6291 	19903 	26549 	233.6102 	356.9496 	0.7497 	20
0.6115 	21919 	28368 	232.4509 	355.3252 	0.7727 	22
0.5959 	18014 	25621 	231.3183 	353.6812 	0.7031 	21
0.5821 	20577 	26712 	230.2093 	352.0195 	0.7703 	22
0.5701 	20216 	24082 	229.1209 	350.3423 	0.8395 	21
0.5601 	16549 	29825 	228.0501 	348.6519 	0.5549 	21
0.5519 	18032 	27587 	226.9939 	346.9501 	0.6536 	21
0.5455 	16121 	25310 	225.9492 	345.2393 	0.6369 	20
0.541 	16698 	31202 	224.9129 	343.5215 	0.5352 	21
0.5383 	15458 	32722 	223.8821 	341.7987 	0.4724 	22
0.5375 	16015 	28077 	222.8538 	340.0732 	0.5704 	19
0.5385 	14944 	30960 	221.8248 	338.347 	0.4827 	22
0.541 	15951 	31158 	220.7923 	336.6223 	0.5119 	21
0.5433 	16937 	34615 	219.7543 	334.9004 	0.4893 	22
0.5441 	16127 	29696 	218.7134 	333.1802 	0.5431 	19
0.5431 	13687 	31846 	217.6728 	331.46 	0.4298 	22
0.5403 	11903 	29301 	216.6357 	329.7381 	0.4062 	21
0.5357 	15667 	35488 	215.6052 	328.0131 	0.4415 	21
0.5293 	13657 	41063 	214.5848 	326.2831 	0.3326 	21
0.5211 	14832 	34639 	213.5775 	324.5466 	0.4282 	21
0.5111 	16753 	41573 	212.5867 	322.802 	0.403 	21
0.4992 	10584 	33823 	211.6155 	321.0476 	0.3129 	20
0.4856 	11865 	32331 	210.6671 	319.2817 	0.367 	22
0.4701 	12791 	39457 	209.7449 	317.5028 	0.3242 	21
0.4528 	11984 	38773 	208.852 	315.7092 	0.3091 	20
0.4337 	13509 	36579 	207.9917 	313.8993 	0.3693 	21
0.4131 	11316 	36802 	207.1672 	312.0714 	0.3075 	20
0.392 	12688 	41054 	206.3808 	310.2245 	0.3091 	21
0.3712 	11307 	43741 	205.6327 	308.3594 	0.2585 	21
0.351 	8751 	35815 	204.9221 	306.4774 	0.2443 	22
0.3312 	13358 	46390 	204.2487 	304.5796 	0.2879 	23
0.3119 	8955 	37873 	203.6119 	302.6672 	0.2364 	20
0.2931 	12209 	47488 	203.0111 	300.7414 	0.2571 	22
0.2747 	7669 	37285 	202.4459 	298.8034 	0.2057 	21
0.2568 	10217 	38094 	201.9156 	296.8544 	0.2682 	20
0.2392 	7937 	40429 	201.4198 	294.8956 	0.1963 	22
0.2221 	9020 	39301 	200.958 	292.9282 	0.2295 	21
0.2053 	10082 	44819 	200.5296 	290.9533 	0.2249 	20
0.1889 	11356 	50665 	200.1341 	288.9722 	0.2241 	23
0.1729 	9341 	37574 	199.771 	286.9861 	0.2486 	20
0.1572 	8634 	40747 	199.4397 	284.9961 	0.2119 	22
0.142 	11086 	49402 	199.1396 	283.0032 	0.2244 	20
0.1274 	11126 	53103 	198.8695 	281.0077 	0.2095 	21
0.1134 	8079 	43485 	198.628 	279.0098 	0.1858 	20
0.1001 	10194 	43857 	198.414 	277.0095 	0.2324 	22
0.08734 	9686 	51118 	198.2262 	275.007 	0.1895 	20
0.07526 	10226 	50561 	198.0631 	273.0024 	0.2023 	21
0.06383 	10459 	49801 	197.9237 	270.996 	0.21 	20
0.05303 	11701 	49572 	197.8065 	268.9877 	0.236 	20
0.04289 	10222 	53571 	197.7104 	266.9778 	0.1908 	21
0.03339 	9197 	46914 	197.634 	264.9663 	0.196 	20
0.02454 	10194 	48472 	197.576 	262.9534 	0.2103 	22
0.01632 	9134 	50630 	197.5351 	260.9393 	0.1804 	22
0.008758 	9359 	45588 	197.5102 	258.924 	0.2053 	21
0.001706 	10820 	48134 	197.4998 	256.9078 	0.2248 	22
-0.005435 	8156 	45423 	197.5033 	254.8907 	0.1796 	21
-0.01323 	10034 	46952 	197.5218 	252.8733 	0.2137 	20
-0.0218 	7784 	46606 	197.5567 	250.8561 	0.167 	20
-0.03113 	9785 	51654 	197.6097 	248.8396 	0.1894 	20
-0.04123 	9066 	46451 	197.6823 	246.8242 	0.1952 	19
-0.05211 	7376 	42584 	197.7759 	244.8105 	0.1732 	20
-0.06379 	8606 	47372 	197.8922 	242.799 	0.1817 	19
-0.07624 	9748 	44592 	198.0327 	240.7901 	0.2186 	20
-0.08949 	9023 	41799 	198.1989 	238.7845 	0.2159 	20
-0.1035 	9158 	43681 	198.3923 	236.7826 	0.2097 	21
-0.1184 	10797 	52542 	198.6145 	234.7849 	0.2055 	21
-0.1341 	9885 	50929 	198.867 	232.7919 	0.1941 	20
-0.1505 	11513 	45808 	199.1514 	230.8041 	0.2513 	21
-0.1676 	9285 	43266 	199.4691 	228.8221 	0.2146 	21
-0.1847 	10099 	48829 	199.8211 	226.8461 	0.2068 	21
-0.201 	8874 	45934 	200.2062 	224.8761 	0.1932 	22
-0.2164 	9480 	48740 	200.6226 	222.9118 	0.1945 	21
-0.2309 	10689 	46177 	201.0686 	220.9529 	0.2315 	21
-0.2445 	9874 	48646 	201.5423 	218.9992 	0.203 	20
-0.2572 	10457 	43942 	202.042 	217.0505 	0.238 	22
-0.2689 	9467 	43375 	202.566 	215.1065 	0.2183 	20
-0.2798 	10083 	43832 	203.1124 	213.1669 	0.23 	22
-0.2899 	9791 	43754 	203.6796 	211.2314 	0.2238 	21
-0.299 	10936 	41879 	204.2658 	209.3 	0.2611 	21
-0.3072 	12303 	46096 	204.8691 	207.3721 	0.2669 	21
-0.3145 	11755 	44148 	205.4878 	205.4477 	0.2663 	23
-0.321 	10750 	48464 	206.1203 	203.5265 	0.2218 	20
-0.3268 	11166 	47812 	206.7646 	201.6082 	0.2335 	24
-0.3327 	10275 	38850 	207.4196 	199.6927 	0.2645 	19
-0.3395 	10371 	41060 	208.0868 	197.7812 	0.2526 	21
-0.3476 	13052 	47902 	208.7682 	195.8749 	0.2725 	22
-0.3567 	10822 	39440 	209.4657 	193.9751 	0.2744 	21
-0.3671 	13698 	39904 	210.1813 	192.0831 	0.3433 	21
-0.3786 	11498 	42385 	210.9172 	190.2001 	0.2713 	22
-0.3913 	11531 	38887 	211.6752 	188.3274 	0.2965 	20
-0.4051 	13221 	35669 	212.4575 	186.4663 	0.3707 	22
-0.4202 	13959 	41414 	213.266 	184.6181 	0.3371 	22
-0.4365 	11372 	33095 	214.1028 	182.7841 	0.3436 	20
-0.4539 	14854 	44497 	214.9698 	180.9656 	0.3338 	23
-0.4726 	11005 	31592 	215.8692 	179.1637 	0.3483 	18
-0.4924 	11865 	35852 	216.8028 	177.3799 	0.3309 	23
-0.5133 	12805 	30514 	217.7727 	175.6154 	0.4196 	21
-0.5345 	13831 	33142 	218.7806 	173.8712 	0.4173 	20
-0.5552 	14734 	37469 	219.8255 	172.1476 	0.3932 	22
-0.5753 	15372 	32352 	220.9061 	170.4446 	0.4751 	22
-0.5947 	14821 	30872 	222.0209 	168.7621 	0.4801 	21
-0.6135 	16789 	32624 	223.1684 	167.1 	0.5146 	21
-0.6316 	16629 	34901 	224.3472 	165.4582 	0.4765 	23
-0.6492 	17267 	35397 	225.5559 	163.8367 	0.4878 	22
-0.6661 	17930 	35505 	226.7929 	162.2355 	0.505 	21
-0.6824 	23034 	33870 	228.0569 	160.6545 	0.6801 	22
-0.6982 	17129 	31646 	229.3463 	159.0936 	0.5413 	22
-0.7133 	17533 	28068 	230.6597 	157.5527 	0.6247 	21
-0.7279 	19280 	29701 	231.9957 	156.0319 	0.6491 	23
-0.742 	20898 	32175 	233.3528 	154.531 	0.6495 	22
-0.7556 	22107 	30690 	234.7295 	153.05 	0.7203 	21
-0.7687 	17567 	23694 	236.1245 	151.5887 	0.7414 	19
-0.7814 	26121 	30558 	237.5369 	150.1469 	0.8548 	21
-0.7938 	24087 	31398 	238.9662 	148.7242 	0.7672 	22
-0.8059 	20848 	27832 	240.4118 	147.3201 	0.7491 	24
-0.8176 	20166 	22887 	241.8729 	145.9342 	0.8811 	22
-0.829 	19574 	21822 	243.349 	144.5662 	0.897 	22
-0.84 	17446 	17469 	244.8395 	143.2155 	0.9987 	20
-0.8507 	24501 	21426 	246.3438 	141.8818 	1.1435 	22
-0.861 	21384 	24310 	247.8611 	140.5647 	0.8796 	21
-0.871 	26866 	20936 	249.391 	139.2638 	1.2832 	22
-0.8806 	26026 	21448 	250.9328 	137.9786 	1.2134 	22
-0.8899 	28537 	23366 	252.4858 	136.7087 	1.2213 	21
-0.8989 	24881 	21297 	254.0495 	135.4537 	1.1683 	21
-0.9075 	25986 	18666 	255.6232 	134.2133 	1.3922 	22
-0.9158 	24320 	16722 	257.2063 	132.987 	1.4544 	20
-0.9239 	28968 	20613 	258.7987 	131.7742 	1.4053 	22
-0.9318 	25815 	20948 	260.4002 	130.5747 	1.2323 	22
-0.9394 	27092 	19648 	262.0107 	129.3878 	1.3789 	21
-0.9469 	33349 	21745 	263.6299 	128.2131 	1.5336 	21
-0.954 	33910 	22881 	265.258 	127.0501 	1.482 	21
-0.961 	33779 	19442 	266.8946 	125.8983 	1.7374 	21
-0.9677 	28995 	16590 	268.5397 	124.7573 	1.7477 	21
-0.9742 	27481 	16595 	270.1932 	123.6266 	1.656 	21
-0.9804 	34351 	18605 	271.8549 	122.5057 	1.8463 	23
-0.9864 	35954 	17958 	273.5247 	121.3941 	2.0021 	21
-0.9921 	32365 	16067 	275.2025 	120.2913 	2.0144 	20
-0.9976 	36804 	15739 	276.8881 	119.1969 	2.3384 	21
-1.003 	39047 	16377 	278.5815 	118.1104 	2.3843 	22
-1.0088 	34413 	15986 	280.2826 	117.0316 	2.1527 	21
-1.0157 	28636 	14721 	281.9919 	115.9626 	1.9452 	21
-1.0238 	30639 	13119 	283.7101 	114.9059 	2.3355 	21
-1.0333 	31944 	16471 	285.4379 	113.8642 	1.9394 	21
-1.044 	34469 	13656 	287.1759 	112.8401 	2.5241 	22
-1.0561 	40954 	13111 	288.9248 	111.8362 	3.1236 	20
-1.0694 	36418 	11849 	290.6853 	110.8552 	3.0735 	21
-1.0841 	44151 	14035 	292.4581 	109.8996 	3.1458 	23
-1.1001 	34412 	11475 	294.2438 	108.9722 	2.9989 	18
-1.1175 	45595 	14229 	296.0431 	108.0754 	3.2044 	23
-1.1362 	36007 	11491 	297.8567 	107.212 	3.1335 	20
-1.1562 	38851 	13204 	299.6853 	106.3846 	2.9424 	21
-1.1777 	33288 	10533 	301.5295 	105.5958 	3.1604 	20
-1.2003 	40089 	11304 	303.3901 	104.8482 	3.5464 	22
-1.2231 	31909 	8966 	305.2675 	104.1439 	3.5589 	20
-1.2449 	33516 	8625 	307.1608 	103.4817 	3.8859 	23
-1.2655 	36797 	8852 	309.069 	102.8594 	4.1569 	20
-1.2847 	34796 	9180 	310.9908 	102.2746 	3.7904 	21
-1.3027 	37455 	9430 	312.925 	101.7251 	3.9719 	21
-1.3194 	40116 	9157 	314.8704 	101.2088 	4.3809 	21
-1.3348 	35941 	8654 	316.826 	100.7232 	4.1531 	20
-1.349 	39555 	8724 	318.7903 	100.2661 	4.534 	22
-1.3619 	44008 	10506 	320.7624 	99.8353 	4.1888 	22
-1.3735 	42292 	10306 	322.7409 	99.4285 	4.1036 	21
-1.384 	40582 	9606 	324.7247 	99.0434 	4.2247 	21
-1.3932 	39976 	9127 	326.7126 	98.6779 	4.38 	20
-1.4013 	42687 	10397 	328.7035 	98.3295 	4.1057 	23
-1.4082 	37867 	8995 	330.696 	97.996 	4.2098 	20
-1.4146 	40789 	8883 	332.6892 	97.6756 	4.5918 	20
-1.4213 	41669 	8568 	334.6829 	97.3683 	4.8633 	22
-1.4284 	40864 	8091 	336.6772 	97.0749 	5.0505 	20
-1.436 	47161 	9244 	338.6722 	96.7964 	5.1018 	21
-1.4439 	45159 	9707 	340.6682 	96.5335 	4.6522 	20
-1.4523 	40919 	8769 	342.6652 	96.2871 	4.6663 	22
-1.4612 	40908 	7593 	344.6633 	96.058 	5.3876 	20
-1.4704 	39939 	6971 	346.6627 	95.8471 	5.7293 	20
-1.4801 	39838 	8221 	348.6635 	95.6552 	4.8459 	21
-1.4903 	47650 	9290 	350.6658 	95.4832 	5.1292 	21
-1.5008 	46918 	9638 	352.6699 	95.3319 	4.868 	20
-1.5118 	41826 	9556 	354.6758 	95.2022 	4.3769 	20
-1.5232 	38798 	8814 	356.6836 	95.0948 	4.4019 	20
-1.535 	49776 	8950 	358.6935 	95.0107 	5.5616 	20
-1.547 	48308 	9398 	360.7056 	94.9506 	5.1402 	20
-1.5591 	41692 	9090 	362.7196 	94.9148 	4.5866 	20
1.5704 	46408 	8574 	364.735 	94.9034 	5.4126 	20
1.5582 	41064 	8722 	366.7516 	94.9165 	4.7081 	20
1.546 	43718 	8906 	368.7687 	94.9542 	4.9088 	20
1.5337 	39146 	8607 	370.7861 	95.0166 	4.5482 	21
1.5214 	40325 	8165 	372.8033 	95.1039 	4.9388 	21
1.5091 	38900 	8394 	374.8199 	95.216 	4.6343 	21
1.4966 	40778 	8961 	376.8356 	95.3531 	4.5506 	23
1.4842 	45629 	9050 	378.8497 	95.5154 	5.0419 	21
1.4716 	43934 	9264 	380.8621 	95.7029 	4.7424 	20
1.459 	41795 	8913 	382.8722 	95.9157 	4.6892 	20
1.4463 	43818 	9404 	384.8796 	96.1539 	4.6595 	21
1.4336 	41034 	9477 	386.884 	96.4177 	4.3299 	22
1.4208 	43018 	9040 	388.8848 	96.707 	4.7586 	21
1.4081 	37265 	7941 	390.882 	97.0218 	4.6927 	20
1.3956 	42931 	8701 	392.8752 	97.3619 	4.934 	22
1.3831 	46318 	9634 	394.8644 	97.7269 	4.8078 	21
1.3707 	38829 	9070 	396.8492 	98.1166 	4.281 	21
1.3585 	42569 	8817 	398.8296 	98.5309 	4.8281 	20
1.3463 	37555 	8805 	400.8054 	98.9694 	4.2652 	22
1.3343 	35537 	8685 	402.7763 	99.432 	4.0918 	20
1.3223 	43904 	9808 	404.7422 	99.9184 	4.4763 	22
1.3105 	40692 	9696 	406.7029 	100.4283 	4.1968 	21
1.2987 	41690 	9495 	408.6581 	100.9615 	4.3907 	21
1.2871 	37513 	9967 	410.6079 	101.5178 	3.7637 	22
1.2755 	37527 	9629 	412.5518 	102.097 	3.8973 	21
1.264 	37927 	10610 	414.4899 	102.6987 	3.5746 	22
1.2525 	34693 	9790 	416.4218 	103.3229 	3.5437 	19
1.2407 	44480 	12345 	418.347 	103.9696 	3.6031 	23
1.2287 	33658 	11365 	420.2649 	104.6395 	2.9615 	21
1.2163 	37782 	10260 	422.1749 	105.3328 	3.6825 	21
1.2036 	40643 	9369 	424.0762 	106.0502 	4.338 	21
1.1905 	32920 	8895 	425.9682 	106.792 	3.701 	20
1.1772 	39663 	11525 	427.8502 	107.5587 	3.4415 	23
1.1634 	35899 	10513 	429.7216 	108.3509 	3.4147 	20
1.1494 	38935 	10957 	431.5817 	109.1688 	3.5534 	22
1.135 	46368 	13439 	433.4298 	110.0131 	3.4503 	23
1.1203 	33253 	11168 	435.2653 	110.8841 	2.9775 	19
1.1052 	41996 	12524 	437.0875 	111.7824 	3.3532 	23
1.0897 	26576 	10398 	438.8957 	112.7083 	2.5559 	19
1.0739 	39199 	14330 	440.6892 	113.6624 	2.7355 	22
1.058 	32381 	14850 	442.4675 	114.6451 	2.1805 	22
1.0421 	35997 	12812 	444.2302 	115.6563 	2.8096 	20
1.0264 	29637 	13099 	445.9769 	116.6953 	2.2625 	21
1.011 	31864 	14101 	447.7078 	117.7616 	2.2597 	22
0.9958 	32272 	12890 	449.4225 	118.8545 	2.5036 	20
0.9808 	31982 	14558 	451.1209 	119.9735 	2.1969 	22
0.966 	32949 	14771 	452.8029 	121.1179 	2.2307 	22
0.9515 	30633 	16047 	454.4684 	122.2871 	1.909 	21
0.9372 	29838 	17335 	456.1172 	123.4805 	1.7213 	21
0.923 	35230 	18811 	457.7492 	124.6974 	1.8728 	23
0.9091 	33365 	16894 	459.3642 	125.9373 	1.975 	21
0.8954 	31183 	17562 	460.9621 	127.1996 	1.7756 	21
0.8819 	29591 	18048 	462.5427 	128.4835 	1.6396 	22
0.8685 	32255 	18279 	464.1059 	129.7886 	1.7646 	22
0.8553 	26992 	15953 	465.6516 	131.1142 	1.692 	22
0.8422 	25788 	16997 	467.1794 	132.4598 	1.5172 	22
0.8291 	23299 	16832 	468.6893 	133.8251 	1.3842 	21
0.816 	20465 	19017 	470.181 	135.2098 	1.0761 	20
0.803 	22312 	17811 	471.6541 	136.6135 	1.2527 	22
0.79 	26223 	23367 	473.1084 	138.0359 	1.1222 	23
0.7769 	26793 	25786 	474.5436 	139.4768 	1.0391 	23
0.7639 	28385 	26607 	475.9596 	140.9359 	1.0668 	23
0.7509 	28136 	28199 	477.356 	142.4127 	0.9978 	21
0.7379 	19905 	19600 	478.7325 	143.907 	1.0156 	21
0.7249 	18165 	17981 	480.0891 	145.4185 	1.0102 	21
0.7119 	21553 	25479 	481.4252 	146.9468 	0.8459 	23
0.6989 	20243 	26583 	482.7407 	148.4917 	0.7615 	22
0.6858 	19097 	24630 	484.0353 	150.0528 	0.7754 	20
0.6728 	19560 	27345 	485.3088 	151.6298 	0.7153 	23
0.66 	17709 	21825 	486.5611 	153.2225 	0.8114 	22
0.6474 	15178 	26710 	487.7927 	154.8303 	0.5683 	21
0.6352 	18046 	26041 	489.004 	156.4531 	0.693 	21
0.6232 	17995 	26799 	490.1956 	158.0903 	0.6715 	22
0.6116 	14466 	27779 	491.3679 	159.7417 	0.5208 	22
0.6002 	15514 	29011 	492.5214 	161.4069 	0.5348 	22
0.5892 	17742 	30626 	493.6567 	163.0855 	0.5793 	23
0.5785 	15666 	28042 	494.7741 	164.7772 	0.5587 	20
0.5681 	16146 	30168 	495.8743 	166.4816 	0.5352 	21
0.558 	16528 	30613 	496.9576 	168.1984 	0.5399 	21
0.5481 	12306 	25644 	498.0246 	169.9271 	0.4799 	21
0.5387 	13087 	31380 	499.0757 	171.6675 	0.417 	22
0.5295 	15409 	31442 	500.1115 	173.4191 	0.4901 	21
0.5205 	15084 	34027 	501.1324 	175.1817 	0.4433 	21
0.5109 	14396 	37076 	502.1382 	176.9549 	0.3883 	21
0.5003 	14317 	33493 	503.1266 	178.7389 	0.4275 	21
0.4884 	12281 	29909 	504.0949 	180.534 	0.4106 	22
0.4753 	13537 	30480 	505.0403 	182.3403 	0.4441 	21
0.4609 	13288 	29943 	505.96 	184.158 	0.4438 	21
0.4453 	15930 	41414 	506.8515 	185.9875 	0.3847 	21
0.4283 	12328 	33581 	507.7119 	187.8288 	0.3671 	21
0.4101 	11818 	39102 	508.5385 	189.6822 	0.3022 	22
0.3905 	11085 	35826 	509.3287 	191.548 	0.3094 	21
0.3695 	12615 	34560 	510.0796 	193.4262 	0.365 	23
0.3472 	9301 	37575 	510.7886 	195.3172 	0.2475 	21
0.3235 	11414 	44317 	511.4529 	197.2212 	0.2576 	21
0.2985 	11974 	39548 	512.0699 	199.1383 	0.3028 	21
0.2723 	12048 	46210 	512.6367 	201.0688 	0.2607 	21
0.2466 	10020 	38316 	513.1519 	203.0127 	0.2615 	21
0.2229 	11299 	37088 	513.6187 	204.969 	0.3047 	20
0.2015 	10701 	39666 	514.0413 	206.9365 	0.2698 	20
0.1823 	11684 	43265 	514.4243 	208.914 	0.2701 	23
0.1655 	12193 	42789 	514.7721 	210.9003 	0.285 	20
0.1509 	11082 	43832 	515.0891 	212.8942 	0.2528 	20
0.1387 	10866 	49360 	515.3796 	214.8945 	0.2201 	22
0.1286 	11385 	47852 	515.6481 	216.9001 	0.2379 	21
0.1209 	8579 	39340 	515.899 	218.9096 	0.2181 	20
0.1154 	9865 	43915 	516.1368 	220.922 	0.2246 	20
0.1121 	10019 	44320 	516.3657 	222.936 	0.2261 	22
0.111 	8555 	43765 	516.5902 	224.9504 	0.1955 	21
0.1122 	9233 	47246 	516.8148 	226.964 	0.1954 	20
0.1153 	9197 	42329 	517.0438 	228.9757 	0.2173 	20
0.1188 	12702 	60469 	517.2806 	230.9843 	0.2101 	23
0.1209 	9750 	42564 	517.5231 	232.99 	0.2291 	20
0.121 	9863 	48356 	517.7674 	234.9929 	0.204 	20
0.1193 	10334 	51410 	518.0099 	236.9932 	0.201 	21
0.1157 	8203 	44862 	518.2467 	238.9913 	0.1828 	20
0.1102 	10822 	43668 	518.4741 	240.9874 	0.2478 	22
0.1028 	9446 	42519 	518.6884 	242.9817 	0.2222 	20
0.09349 	9200 	46698 	518.8855 	244.9745 	0.197 	20
0.08227 	9422 	55156 	519.062 	246.9661 	0.1708 	20
0.06909 	9598 	50763 	519.2139 	248.9566 	0.1891 	20
0.05397 	11279 	55487 	519.3374 	250.9465 	0.2033 	20
0.03692 	9154 	40660 	519.4288 	252.9359 	0.2251 	18
0.01795 	7855 	37975 	519.4844 	254.925 	0.2068 	19
-0.002685 	9989 	41438 	519.5002 	256.9142 	0.2411 	22
-0.02356 	11195 	54949 	519.4737 	258.9036 	0.2037 	23
-0.04315 	9500 	43690 	519.4065 	260.8933 	0.2174 	21
-0.06116 	12728 	57597 	519.3019 	262.8833 	0.221 	21
-0.07757 	10100 	52035 	519.1628 	264.8735 	0.1941 	20
-0.09235 	7660 	42271 	518.9925 	266.8639 	0.1812 	20
-0.1056 	8776 	43363 	518.7941 	268.8545 	0.2024 	20
-0.1172 	9554 	44220 	518.5707 	270.8453 	0.2161 	22
-0.1272 	8640 	42491 	518.3253 	272.8362 	0.2033 	21
-0.1357 	10858 	45915 	518.0613 	274.8273 	0.2365 	20
-0.1426 	11461 	52115 	517.7816 	276.8184 	0.2199 	21
-0.148 	10040 	48576 	517.4895 	278.8097 	0.2067 	21
-0.1518 	9921 	48077 	517.1879 	280.801 	0.2064 	21
-0.1541 	8304 	43893 	516.8801 	282.7924 	0.1892 	20
-0.1549 	0 	0 	516.5692 	284.7837 	NaN 	0