theta 	horizontal_polarization_intensity 	vertical_polarization_intensity 	x_coordinate 	y_coordinate 	r 	pixel_count
1.4895 	0 	0 	304 	510.5 	NaN 	0
1.4893 	0 	0 	301.9869 	510.3361 	NaN 	0
1.4886 	0 	0 	299.974 	510.1712 	NaN 	0
1.4875 	0 	0 	297.9614 	510.0045 	NaN 	0
1.4859 	0 	0 	295.9492 	509.8352 	NaN 	0
1.4839 	0 	0 	293.9376 	509.6622 	NaN 	0
1.4814 	0 	0 	291.9268 	509.4847 	NaN 	0
1.4785 	0 	0 	289.9168 	509.3018 	NaN 	0
1.4751 	0 	0 	287.9078 	509.1126 	NaN 	0
1.4712 	0 	0 	285.9001 	508.9162 	NaN 	0
1.4669 	0 	0 	283.8936 	508.7117 	NaN 	0
1.4622 	0 	0 	281.8885 	508.4981 	NaN 	0
1.457 	0 	0 	279.8852 	508.2746 	NaN 	0
1.4513 	0 	0 	277.8835 	508.0403 	NaN 	0
1.4452 	0 	0 	275.8838 	507.7943 	NaN 	0
1.4386 	0 	0 	273.8861 	507.5356 	NaN 	0
1.4316 	0 	0 	271.8906 	507.2634 	NaN 	0
1.4241 	11546 	4199 	269.8974 	506.9767 	2.7497 	7
1.4162 	34565 	11435 	267.9067 	506.6748 	3.0227 	24
1.4078 	33519 	10691 	265.9187 	506.3566 	3.1353 	24
1.3989 	32676 	11004 	263.9335 	506.0212 	2.9695 	22
1.3899 	33948 	11020 	261.9511 	505.6679 	3.0806 	24
1.3808 	32032 	10135 	259.9719 	505.2966 	3.1605 	23
1.3718 	33893 	12156 	257.9958 	504.9073 	2.7882 	24
1.3628 	32648 	10984 	256.023 	504.5002 	2.9723 	22
1.3539 	34277 	11425 	254.0537 	504.0754 	3.0002 	24
1.345 	33083 	11788 	252.088 	503.6331 	2.8065 	23
1.3362 	31404 	11130 	250.1261 	503.1734 	2.8216 	24
1.3275 	29897 	10661 	248.168 	502.6964 	2.8043 	22
1.3188 	35582 	12634 	246.2139 	502.2023 	2.8164 	25
1.3101 	35020 	13218 	244.2639 	501.6911 	2.6494 	23
1.3015 	34555 	12608 	242.3181 	501.1631 	2.7407 	24
1.2929 	34852 	11770 	240.3768 	500.6183 	2.9611 	23
1.2844 	34701 	13740 	238.44 	500.0569 	2.5255 	24
1.276 	37471 	13748 	236.5079 	499.4791 	2.7256 	24
1.2675 	31433 	11909 	234.5805 	498.8849 	2.6394 	23
1.2592 	32167 	13086 	232.6581 	498.2744 	2.4581 	23
1.2508 	35008 	13712 	230.7407 	497.6479 	2.5531 	25
1.2425 	31793 	12878 	228.8285 	497.0054 	2.4688 	22
1.2343 	36800 	15592 	226.9217 	496.3471 	2.3602 	25
1.226 	34232 	14683 	225.0203 	495.6732 	2.3314 	23
1.2178 	34217 	14027 	223.1245 	494.9836 	2.4394 	24
1.2095 	34822 	14217 	221.2345 	494.2784 	2.4493 	23
1.2011 	34762 	14944 	219.3506 	493.5576 	2.3262 	24
1.1926 	36004 	15630 	217.4729 	492.8208 	2.3035 	24
1.184 	36981 	16692 	215.6017 	492.0681 	2.2155 	24
1.1753 	34874 	15188 	213.7372 	491.2992 	2.2962 	23
1.1665 	34252 	15053 	211.8796 	490.5142 	2.2754 	24
1.1576 	33174 	15375 	210.0293 	489.7127 	2.1577 	23
1.1486 	33378 	15887 	208.1864 	488.8948 	2.101 	24
1.1394 	31114 	13876 	206.3511 	488.0603 	2.2423 	23
1.1302 	31426 	15624 	204.5238 	487.209 	2.0114 	24
1.1209 	27493 	13632 	202.7045 	486.3409 	2.0168 	23
1.1114 	32265 	15744 	200.8936 	485.4557 	2.0494 	26
1.1019 	26493 	13954 	199.0913 	484.5535 	1.8986 	22
1.0922 	29950 	15694 	197.2978 	483.6341 	1.9084 	23
1.0824 	30148 	15820 	195.5133 	482.6972 	1.9057 	23
1.0726 	30478 	15517 	193.7382 	481.7429 	1.9642 	24
1.0626 	29216 	16555 	191.9725 	480.771 	1.7648 	24
1.0525 	31021 	17164 	190.2166 	479.7813 	1.8073 	23
1.0423 	31233 	19375 	188.4707 	478.7738 	1.612 	23
1.032 	30224 	18228 	186.7349 	477.7483 	1.6581 	23
1.0217 	32287 	18630 	185.0096 	476.7048 	1.7331 	23
1.0115 	31764 	18935 	183.295 	475.6436 	1.6775 	23
1.0012 	30531 	16721 	181.5912 	474.5648 	1.8259 	21
0.991 	34042 	20357 	179.8984 	473.4685 	1.6723 	24
0.9808 	30784 	19832 	178.2169 	472.355 	1.5522 	23
0.9706 	29303 	19154 	176.547 	471.2244 	1.5299 	23
0.9604 	28919 	18490 	174.8887 	470.0768 	1.564 	23
0.9502 	28828 	19488 	173.2423 	468.9126 	1.4793 	23
0.94 	28807 	20379 	171.608 	467.7317 	1.4136 	24
0.9298 	27069 	17550 	169.9861 	466.5344 	1.5424 	21
0.9196 	26908 	17738 	168.3767 	465.3209 	1.517 	22
0.9095 	29405 	19522 	166.7801 	464.0913 	1.5062 	24
0.8993 	27775 	20004 	165.1964 	462.8458 	1.3885 	22
0.8891 	26044 	18938 	163.6259 	461.5846 	1.3752 	21
0.8789 	27585 	19528 	162.0688 	460.3078 	1.4126 	22
0.8687 	28483 	20472 	160.5253 	459.0156 	1.3913 	23
0.8585 	26951 	19253 	158.9955 	457.7082 	1.3998 	22
0.8483 	27413 	21897 	157.4798 	456.3857 	1.2519 	22
0.838 	27479 	21609 	155.9784 	455.0484 	1.2716 	24
0.8279 	26669 	19870 	154.4913 	453.6963 	1.3422 	23
0.8179 	23583 	19878 	153.0186 	452.3299 	1.1864 	22
0.8082 	19324 	16772 	151.56 	450.9494 	1.1522 	20
0.7987 	23379 	20679 	150.115 	449.5554 	1.1306 	23
0.7895 	24466 	21358 	148.6833 	448.1482 	1.1455 	24
0.7806 	24887 	24377 	147.2645 	446.7284 	1.0209 	24
0.772 	26548 	26506 	145.8582 	445.2962 	1.0016 	24
0.7637 	26446 	25104 	144.4642 	443.8522 	1.0535 	22
0.7556 	25540 	24890 	143.082 	442.3968 	1.0261 	21
0.7479 	22340 	23959 	141.7112 	440.9304 	0.9324 	21
0.7404 	23306 	24302 	140.3516 	439.4534 	0.959 	22
0.7331 	25841 	26918 	139.0027 	437.9662 	0.96 	24
0.7262 	23727 	25929 	137.6642 	436.4694 	0.9151 	22
0.7195 	23674 	26438 	136.3358 	434.9632 	0.8955 	23
0.7132 	23539 	26185 	135.017 	433.4482 	0.8989 	23
0.7071 	22250 	23550 	133.7074 	431.9248 	0.9448 	21
0.7012 	22930 	24296 	132.4068 	430.3933 	0.9438 	22
0.6957 	23680 	26072 	131.1148 	428.8543 	0.9083 	23
0.6904 	21105 	24364 	129.831 	427.3082 	0.8662 	21
0.6854 	22347 	27068 	128.555 	425.7553 	0.8256 	22
0.6805 	23655 	28574 	127.2865 	424.1961 	0.8279 	23
0.6755 	22980 	30167 	126.0255 	422.6307 	0.7618 	23
0.6701 	22946 	27841 	124.7729 	421.0589 	0.8242 	23
0.6643 	21675 	29506 	123.5291 	419.4802 	0.7346 	23
0.6582 	21970 	27576 	122.2951 	417.8946 	0.7967 	23
0.6517 	19725 	26769 	121.0713 	416.3015 	0.7369 	22
0.6448 	20262 	24287 	119.8586 	414.7008 	0.8343 	23
0.6376 	19760 	26585 	118.6576 	413.0921 	0.7433 	22
0.63 	20976 	32304 	117.4691 	411.4751 	0.6493 	22
0.622 	22498 	32517 	116.2937 	409.8496 	0.6919 	24
0.6136 	19647 	27777 	115.1322 	408.2152 	0.7073 	22
0.6048 	18260 	28044 	113.9851 	406.5716 	0.6511 	23
0.5957 	19551 	31807 	112.8533 	404.9185 	0.6147 	25
0.5862 	16545 	25514 	111.7374 	403.2557 	0.6485 	21
0.5763 	19218 	29788 	110.6382 	401.5828 	0.6452 	23
0.566 	19010 	31641 	109.5562 	399.8995 	0.6008 	22
0.5554 	17255 	29927 	108.4923 	398.2055 	0.5766 	22
0.5443 	18242 	31616 	107.4471 	396.5006 	0.577 	23
0.5329 	19430 	33441 	106.4213 	394.7844 	0.581 	23
0.5211 	18426 	31586 	105.4156 	393.0566 	0.5834 	24
0.5091 	19098 	30811 	104.4308 	391.3169 	0.6198 	22
0.4972 	17302 	32932 	103.4669 	389.5653 	0.5254 	23
0.4855 	21140 	39618 	102.5236 	387.8023 	0.5336 	26
0.4742 	17036 	32395 	101.6006 	386.0283 	0.5259 	22
0.4631 	18560 	34904 	100.6972 	384.2435 	0.5317 	25
0.4524 	14327 	30173 	99.8131 	382.4486 	0.4748 	21
0.4419 	16828 	33467 	98.9478 	380.6439 	0.5028 	24
0.4318 	15490 	31906 	98.1009 	378.8297 	0.4855 	23
0.4219 	16512 	32638 	97.2719 	377.0067 	0.5059 	23
0.4124 	17404 	35686 	96.4604 	375.175 	0.4877 	23
0.4031 	16044 	35165 	95.6659 	373.3353 	0.4562 	24
0.3941 	13192 	31002 	94.888 	371.4879 	0.4255 	23
0.3854 	15582 	33425 	94.1263 	369.6331 	0.4662 	23
0.377 	15760 	34288 	93.3802 	367.7716 	0.4596 	24
0.3689 	16194 	38481 	92.6494 	365.9035 	0.4208 	24
0.3611 	14211 	34023 	91.9333 	364.0295 	0.4177 	23
0.3536 	13442 	35305 	91.2317 	362.1499 	0.3807 	24
0.3463 	16101 	34523 	90.5439 	360.265 	0.4664 	23
0.3394 	14575 	38867 	89.8695 	358.3755 	0.375 	24
0.3327 	14731 	37992 	89.2082 	356.4816 	0.3877 	23
0.3261 	14515 	36401 	88.5594 	354.5837 	0.3988 	22
0.3195 	14711 	41677 	87.9231 	352.6822 	0.353 	26
0.3127 	12612 	32184 	87.2998 	350.777 	0.3919 	22
0.3057 	14064 	37090 	86.6899 	348.8681 	0.3792 	23
0.2984 	14187 	37610 	86.094 	346.9555 	0.3772 	24
0.2908 	12602 	34203 	85.5124 	345.0392 	0.3684 	23
0.2831 	13064 	41007 	84.9457 	343.1193 	0.3186 	24
0.2751 	14505 	44040 	84.3944 	341.1956 	0.3294 	24
0.2668 	12943 	37374 	83.8589 	339.2682 	0.3463 	22
0.2583 	12568 	40190 	83.3397 	337.3371 	0.3127 	24
0.2496 	11545 	37189 	82.8374 	335.4022 	0.3104 	22
0.2406 	11511 	37376 	82.3523 	333.4637 	0.308 	24
0.2314 	12381 	37637 	81.885 	331.5213 	0.329 	24
0.222 	12876 	40783 	81.436 	329.5752 	0.3157 	24
0.2123 	12385 	37247 	81.0057 	327.6254 	0.3325 	22
0.2024 	11560 	39608 	80.5946 	325.6718 	0.2919 	24
0.1922 	11066 	38590 	80.2033 	323.7144 	0.2868 	23
0.1818 	10432 	37185 	79.8321 	321.7532 	0.2805 	23
0.1711 	11151 	36886 	79.4815 	319.7882 	0.3023 	22
0.1603 	11902 	37765 	79.1522 	317.8195 	0.3152 	23
0.1492 	9027 	32624 	78.8444 	315.847 	0.2767 	22
0.1382 	11185 	36830 	78.5585 	313.8707 	0.3037 	23
0.1273 	11788 	39290 	78.2942 	311.8911 	0.3 	24
0.1165 	9615 	35520 	78.0514 	309.9084 	0.2707 	22
0.1057 	10387 	40622 	77.83 	307.923 	0.2557 	22
0.09513 	11073 	41483 	77.6297 	305.9351 	0.2669 	24
0.08462 	9864 	38178 	77.4504 	303.945 	0.2584 	24
0.0742 	9521 	33835 	77.292 	301.953 	0.2814 	22
0.06388 	9244 	34248 	77.1542 	299.9594 	0.2699 	22
0.05366 	8835 	36284 	77.0368 	297.9646 	0.2435 	22
0.04353 	9883 	36358 	76.9398 	295.9688 	0.2718 	22
0.03348 	11353 	40674 	76.863 	293.9724 	0.2791 	23
0.02352 	10117 	34639 	76.8061 	291.9755 	0.2921 	22
0.01365 	10742 	38357 	76.769 	289.9786 	0.2801 	23
0.00386 	11043 	40501 	76.7516 	287.9819 	0.2727 	25
-0.005853 	8064 	32678 	76.7536 	285.9858 	0.2468 	17
-0.01549 	10595 	35957 	76.7749 	283.9904 	0.2947 	22
-0.02505 	10613 	37638 	76.8154 	281.9962 	0.282 	21
-0.03454 	9522 	37848 	76.8748 	280.0035 	0.2516 	22
-0.04395 	9679 	37216 	76.953 	278.0125 	0.2601 	22
-0.05326 	9635 	38152 	77.0499 	276.0235 	0.2525 	22
-0.06237 	10293 	35655 	77.165 	274.0367 	0.2887 	22
-0.07123 	9621 	35651 	77.2979 	272.0519 	0.2699 	22
-0.07985 	10450 	44433 	77.4481 	270.0692 	0.2352 	24
-0.08821 	10462 	40276 	77.615 	268.0885 	0.2598 	23
-0.09633 	10943 	40975 	77.7983 	266.1096 	0.2671 	22
-0.1042 	10911 	41005 	77.9973 	264.1327 	0.2661 	22
-0.1118 	10337 	38874 	78.2115 	262.1575 	0.2659 	22
-0.1191 	10370 	40287 	78.4406 	260.1841 	0.2574 	24
-0.1262 	10302 	38956 	78.6838 	258.2123 	0.2645 	24
-0.1331 	10228 	37623 	78.9409 	256.2422 	0.2719 	22
-0.1397 	9167 	36293 	79.2112 	254.2736 	0.2526 	22
-0.146 	10316 	36885 	79.4942 	252.3065 	0.2797 	23
-0.1521 	11139 	39443 	79.7894 	250.3409 	0.2824 	23
-0.1579 	9159 	34723 	80.0964 	248.3766 	0.2638 	21
-0.1634 	11143 	41194 	80.4147 	246.4136 	0.2705 	23
-0.1687 	10877 	37406 	80.7436 	244.4519 	0.2908 	24
-0.1738 	11367 	39375 	81.0828 	242.4914 	0.2887 	22
-0.1785 	11971 	38815 	81.4317 	240.532 	0.3084 	25
-0.1831 	11032 	35450 	81.7898 	238.5736 	0.3112 	22
-0.1876 	12347 	40567 	82.1567 	236.6163 	0.3044 	25
-0.1925 	11815 	36801 	82.5327 	234.6603 	0.3211 	22
-0.1979 	10219 	36907 	82.9188 	232.7061 	0.2769 	22
-0.2038 	11328 	40528 	83.316 	230.7542 	0.2795 	24
-0.2103 	11152 	39527 	83.7251 	228.8051 	0.2821 	23
-0.2172 	11827 	34225 	84.1472 	226.8592 	0.3456 	23
-0.2247 	12405 	34504 	84.5833 	224.9171 	0.3595 	23
-0.2328 	11462 	34927 	85.0342 	222.9794 	0.3282 	24
-0.2414 	11335 	34237 	85.501 	221.0463 	0.3311 	22
-0.2505 	11331 	35695 	85.9846 	219.1186 	0.3174 	22
-0.2601 	13311 	36255 	86.486 	217.1965 	0.3671 	24
-0.2703 	12989 	38534 	87.0061 	215.2808 	0.3371 	24
-0.2811 	12598 	33685 	87.5459 	213.3718 	0.374 	23
-0.2924 	11840 	33041 	88.1063 	211.47 	0.3583 	22
-0.3042 	13625 	35037 	88.6884 	209.576 	0.3889 	24
-0.3166 	12745 	37119 	89.293 	207.6902 	0.3434 	23
-0.3296 	13811 	34644 	89.9212 	205.8131 	0.3987 	23
-0.343 	13161 	34485 	90.5738 	203.9453 	0.3816 	23
-0.3571 	12258 	33232 	91.252 	202.0872 	0.3689 	23
-0.3716 	14674 	37322 	91.9565 	200.2393 	0.3932 	24
-0.3863 	12539 	32972 	92.6882 	198.4021 	0.3803 	22
-0.4006 	14541 	36139 	93.4467 	196.5755 	0.4024 	23
-0.4143 	14153 	35017 	94.2308 	194.7592 	0.4042 	23
-0.4274 	14852 	35702 	95.0395 	192.9532 	0.416 	24
-0.44 	13155 	31678 	95.8717 	191.1569 	0.4153 	21
-0.4521 	18035 	35862 	96.7264 	189.3704 	0.5029 	26
-0.4636 	15194 	30878 	97.6024 	187.5932 	0.4921 	21
-0.4746 	14942 	33237 	98.4988 	185.8252 	0.4496 	24
-0.485 	15833 	29052 	99.4144 	184.0661 	0.545 	23
-0.4949 	16135 	33708 	100.3482 	182.3158 	0.4787 	24
-0.5042 	14962 	32879 	101.2992 	180.5738 	0.4551 	21
-0.513 	16123 	31532 	102.2662 	178.84 	0.5113 	24
-0.5213 	15801 	31987 	103.2482 	177.1142 	0.494 	23
-0.5291 	17016 	32909 	104.2441 	175.3961 	0.5171 	23
-0.5363 	17380 	34981 	105.2528 	173.6855 	0.4968 	23
-0.543 	18896 	32482 	106.2734 	171.9821 	0.5817 	22
-0.5492 	17279 	31322 	107.3047 	170.2856 	0.5517 	23
-0.5549 	16088 	28726 	108.3457 	168.5959 	0.5601 	23
-0.56 	17396 	30584 	109.3952 	166.9128 	0.5688 	23
-0.5647 	19265 	33804 	110.4523 	165.2358 	0.5699 	23
-0.5694 	16714 	26897 	111.5162 	163.565 	0.6214 	23
-0.5745 	16582 	26111 	112.5873 	161.9007 	0.6351 	23
-0.58 	17489 	26732 	113.6663 	160.2432 	0.6542 	24
-0.5859 	19419 	26435 	114.754 	158.5931 	0.7346 	22
-0.5923 	19263 	29561 	115.8512 	156.9508 	0.6516 	22
-0.5991 	19631 	30570 	116.9586 	155.3167 	0.6422 	23
-0.6064 	20534 	29161 	118.0768 	153.6914 	0.7042 	22
-0.6141 	20029 	30688 	119.2067 	152.0751 	0.6527 	23
-0.6222 	19198 	27285 	120.349 	150.4684 	0.7036 	24
-0.6308 	16431 	23006 	121.5045 	148.8717 	0.7142 	21
-0.6399 	19871 	24861 	122.6738 	147.2855 	0.7993 	22
-0.6493 	21388 	29312 	123.8577 	145.7102 	0.7297 	23
-0.6592 	21289 	26104 	125.0569 	144.1462 	0.8155 	23
-0.6695 	18844 	26631 	126.2722 	142.594 	0.7076 	21
-0.6803 	20108 	25389 	127.5044 	141.054 	0.792 	21
-0.6915 	21150 	27703 	128.7541 	139.5267 	0.7635 	23
-0.703 	21041 	27336 	130.0221 	138.0125 	0.7697 	22
-0.715 	19553 	23557 	131.3092 	136.5119 	0.83 	21
-0.7274 	19370 	23628 	132.616 	135.0253 	0.8198 	21
-0.74 	19090 	22299 	133.9433 	133.5531 	0.8561 	21
-0.7521 	21926 	25172 	135.291 	132.0955 	0.871 	23
-0.7635 	23735 	26404 	136.6575 	130.652 	0.8989 	24
-0.774 	25597 	27339 	138.0411 	129.2222 	0.9363 	24
-0.7838 	25369 	26990 	139.44 	127.8056 	0.9399 	23
-0.7927 	17362 	18536 	140.8525 	126.4016 	0.9367 	16
-0.8009 	25241 	26588 	142.2769 	125.0099 	0.9493 	24
-0.8082 	25501 	26510 	143.7113 	123.6299 	0.9619 	24
-0.8148 	24533 	25226 	145.1542 	122.2611 	0.9725 	24
-0.8207 	22582 	21859 	146.6037 	120.9031 	1.0331 	21
-0.8258 	21675 	20333 	148.0581 	119.5553 	1.066 	20
-0.8301 	23451 	20938 	149.5157 	118.2174 	1.12 	21
-0.8337 	25212 	20459 	150.9747 	116.8887 	1.2323 	22
-0.8366 	25333 	20720 	152.4334 	115.5689 	1.2226 	21
-0.8387 	23928 	21609 	153.8901 	114.2574 	1.1073 	21
-0.84 	25022 	22146 	155.343 	112.9538 	1.1299 	22
-0.8405 	25713 	21909 	156.7905 	111.6576 	1.1736 	22
-0.8403 	23756 	20112 	158.2306 	110.3682 	1.1812 	22
-0.8393 	21590 	20568 	159.6618 	109.0853 	1.0497 	21
-0.8375 	23379 	17682 	161.0823 	107.8082 	1.3222 	20
-0.8355 	24377 	19356 	162.4906 	106.5367 	1.2594 	21
-0.8343 	21546 	16909 	163.8875 	105.2708 	1.2742 	21
-0.8344 	22959 	17848 	165.276 	104.0111 	1.2864 	20
-0.8357 	25831 	18965 	166.659 	102.7582 	1.362 	22
-0.8384 	23314 	16787 	168.0393 	101.5128 	1.3888 	21
-0.8423 	26845 	20622 	169.4199 	100.2753 	1.3018 	21
-0.8476 	24435 	17295 	170.8036 	99.0465 	1.4128 	21
-0.8541 	25312 	17755 	172.1934 	97.8268 	1.4256 	21
-0.8619 	24977 	18269 	173.5921 	96.617 	1.3672 	20
-0.8709 	28823 	23180 	175.0026 	95.4175 	1.2434 	23
-0.8811 	26137 	16852 	176.4278 	94.229 	1.551 	20
-0.8926 	27121 	15169 	177.8706 	93.0521 	1.7879 	22
-0.9051 	24527 	15436 	179.3339 	91.8874 	1.5889 	21
-0.9187 	22638 	14639 	180.8206 	90.7354 	1.5464 	20
-0.9332 	25009 	14991 	182.3337 	89.5968 	1.6683 	21
-0.9487 	24661 	15855 	183.8759 	88.4722 	1.5554 	21
-0.965 	26576 	16691 	185.4501 	87.3621 	1.5922 	23
-0.9821 	26022 	13930 	187.0593 	86.2672 	1.8681 	23
-0.9998 	24718 	14242 	188.7064 	85.188 	1.7356 	22
-1.0174 	25885 	15349 	190.3937 	84.1251 	1.6864 	23
-1.0344 	29060 	16914 	192.1201 	83.0791 	1.7181 	24
-1.0505 	28020 	16221 	193.8828 	82.0505 	1.7274 	24
-1.0658 	28509 	14867 	195.6792 	81.0397 	1.9176 	24
-1.0805 	30744 	16208 	197.5066 	80.0473 	1.8968 	24
-1.0945 	32060 	16535 	199.3624 	79.0738 	1.9389 	24
-1.108 	28186 	14211 	201.2437 	78.1195 	1.9834 	23
-1.121 	34379 	16978 	203.148 	77.1852 	2.0249 	26
-1.1336 	32462 	16733 	205.0725 	76.2712 	1.94 	25
-1.1457 	31874 	15934 	207.0146 	75.3781 	2.0004 	25
-1.1575 	34738 	17058 	208.9717 	74.5063 	2.0365 	26
-1.169 	33849 	16845 	210.9409 	73.6563 	2.0094 	24
-1.1802 	33408 	15540 	212.9196 	72.8287 	2.1498 	25
-1.1912 	32973 	15054 	214.9052 	72.024 	2.1903 	26
-1.2019 	28282 	13049 	216.8949 	71.2426 	2.1674 	24
-1.2125 	29627 	13272 	218.8861 	70.485 	2.2323 	24
-1.223 	31264 	14418 	220.8761 	69.7518 	2.1684 	26
-1.2334 	27542 	13522 	222.8622 	69.0435 	2.0368 	23
-1.2437 	32222 	12638 	224.8417 	68.3605 	2.5496 	26
-1.254 	28696 	12046 	226.812 	67.7033 	2.3822 	23
-1.2643 	32758 	14392 	228.7702 	67.0725 	2.2761 	25
-1.2745 	30887 	12466 	230.7144 	66.4683 	2.4777 	24
-1.2844 	32276 	13313 	232.6446 	65.8898 	2.4244 	23
-1.294 	31527 	12521 	234.5623 	65.3353 	2.5179 	23
-1.3032 	31708 	13248 	236.4686 	64.8035 	2.3934 	22
-1.3121 	33928 	12402 	238.3649 	64.2929 	2.7357 	24
-1.3204 	31758 	12430 	240.2524 	63.8021 	2.5549 	23
-1.3283 	31414 	11666 	242.1323 	63.3294 	2.6928 	23
-1.3357 	30174 	10547 	244.0059 	62.8736 	2.8609 	21
-1.3426 	30974 	12026 	245.8745 	62.4331 	2.5756 	22
-1.3489 	33591 	12193 	247.7393 	62.0064 	2.7549 	22
-1.3546 	34863 	11933 	249.6015 	61.592 	2.9216 	23
-1.3597 	32565 	13502 	251.4626 	61.1886 	2.4119 	22
-1.3643 	31619 	12493 	253.3235 	60.7946 	2.5309 	22
-1.3682 	34319 	11268 	255.1858 	60.4085 	3.0457 	23
-1.3715 	34526 	11624 	257.0505 	60.029 	2.9702 	22
-1.3741 	30345 	11050 	258.919 	59.6544 	2.7462 	19
-1.3761 	35808 	13665 	260.7925 	59.2834 	2.6204 	24
-1.3775 	33990 	12168 	262.6724 	58.9144 	2.7934 	22
-1.3783 	35240 	12019 	264.5597 	58.5461 	2.932 	23
-1.3788 	34050 	11051 	266.4558 	58.177 	3.0812 	22
-1.3798 	36483 	12761 	268.361 	57.8072 	2.8589 	23
-1.3816 	33624 	11197 	270.2747 	57.4386 	3.0029 	22
-1.3842 	33518 	11543 	272.1965 	57.0727 	2.9038 	22
-1.3876 	35574 	11759 	274.1258 	56.7114 	3.0253 	23
-1.3918 	39298 	12343 	276.0621 	56.3564 	3.1838 	24
-1.3967 	36250 	11715 	278.0049 	56.0094 	3.0943 	22
-1.4025 	35342 	11296 	279.9536 	55.6721 	3.1287 	23
-1.4091 	35785 	11374 	281.9077 	55.3463 	3.1462 	24
-1.4164 	33737 	9997 	283.8667 	55.0336 	3.3747 	22
-1.4246 	35111 	10965 	285.8301 	54.7359 	3.2021 	23
-1.4336 	36631 	11771 	287.7972 	54.4548 	3.112 	24
-1.4434 	32190 	10315 	289.7678 	54.1921 	3.1207 	21
-1.454 	35415 	10884 	291.741 	53.9495 	3.2539 	22
-1.4655 	35570 	10883 	293.7165 	53.7288 	3.2684 	22
-1.4778 	33350 	10100 	295.6937 	53.5316 	3.302 	22
-1.4909 	35228 	10138 	297.6721 	53.3597 	3.4748 	24
-1.505 	31038 	9189 	299.6512 	53.2149 	3.3777 	21
-1.5199 	32003 	10023 	301.6304 	53.0988 	3.193 	22
-1.5356 	32721 	9716 	303.6092 	53.0132 	3.3677 	22
-1.5516 	33343 	9583 	305.5872 	52.9595 	3.4794 	22
-1.5672 	34252 	9958 	307.5641 	52.9373 	3.4396 	22
1.5594 	34824 	10701 	309.5399 	52.9453 	3.2543 	22
1.5452 	34012 	10966 	311.5148 	52.9822 	3.1016 	22
1.5315 	33060 	10485 	313.4887 	53.0466 	3.1531 	22
1.5186 	32387 	9924 	315.4617 	53.1372 	3.2635 	22
1.5063 	34045 	10287 	317.4336 	53.2527 	3.3095 	23
1.4947 	35205 	10884 	319.4045 	53.3917 	3.2346 	23
1.4838 	35047 	10604 	321.3745 	53.553 	3.3051 	22
1.4736 	35450 	10744 	323.3436 	53.7353 	3.2995 	22
1.464 	32718 	8946 	325.3117 	53.9371 	3.6573 	21
1.4551 	32936 	10084 	327.2788 	54.1572 	3.2662 	22
1.4469 	34938 	10635 	329.2451 	54.3942 	3.2852 	24
1.4393 	33792 	10575 	331.2104 	54.6469 	3.1955 	23
1.4324 	33784 	9966 	333.1747 	54.9139 	3.3899 	22
1.4262 	33579 	9622 	335.1382 	55.1939 	3.4898 	22
1.4207 	36487 	10006 	337.1008 	55.4855 	3.6465 	24
1.4158 	35982 	10957 	339.0625 	55.7875 	3.2839 	23
1.4115 	34108 	10669 	341.0233 	56.0985 	3.1969 	22
1.4079 	35516 	11700 	342.9833 	56.4172 	3.0356 	24
1.4043 	35152 	10256 	344.9423 	56.7427 	3.4275 	23
1.4003 	33648 	11802 	346.9001 	57.0755 	2.851 	22
1.396 	33140 	10747 	348.8564 	57.4164 	3.0837 	23
1.3912 	31250 	11204 	350.811 	57.7663 	2.7892 	23
1.3859 	29709 	9894 	352.7634 	58.1259 	3.0027 	22
1.3802 	33517 	11158 	354.7134 	58.4961 	3.0039 	24
1.3741 	32853 	10220 	356.6606 	58.8776 	3.2146 	23
1.3676 	33489 	11324 	358.6049 	59.2714 	2.9573 	23
1.3606 	33893 	11484 	360.5457 	59.6783 	2.9513 	23
1.3531 	33726 	12684 	362.483 	60.099 	2.6589 	24
1.3452 	32985 	12294 	364.4163 	60.5344 	2.683 	23
1.3369 	31928 	11269 	366.3453 	60.9854 	2.8333 	22
1.3281 	31363 	11979 	368.2697 	61.4526 	2.6182 	23
1.3189 	31020 	12096 	370.1892 	61.937 	2.5645 	22
1.3092 	32339 	12248 	372.1036 	62.4394 	2.6403 	24
1.2991 	33952 	12558 	374.0125 	62.9605 	2.7036 	24
1.2885 	30847 	12636 	375.9155 	63.5013 	2.4412 	22
1.2775 	32445 	12283 	377.8124 	64.0626 	2.6415 	24
1.2661 	31844 	11302 	379.7029 	64.6451 	2.8176 	22
1.2543 	35120 	13257 	381.5867 	65.2496 	2.6492 	25
1.2426 	31481 	13278 	383.4636 	65.8766 	2.3709 	22
1.2312 	31411 	13449 	385.3336 	66.5255 	2.3356 	23
1.2201 	31409 	12858 	387.197 	67.1957 	2.4428 	23
1.2093 	30765 	13525 	389.0536 	67.8864 	2.2747 	23
1.1989 	31831 	13762 	390.9039 	68.5972 	2.313 	23
1.1888 	29148 	13206 	392.7476 	69.3272 	2.2072 	23
1.1791 	31091 	13884 	394.5851 	70.0759 	2.2393 	24
1.1696 	29709 	14682 	396.4164 	70.8427 	2.0235 	23
1.1606 	28852 	13097 	398.2416 	71.6268 	2.2029 	23
1.1518 	28260 	13742 	400.0608 	72.4277 	2.0565 	23
1.1434 	32393 	15390 	401.8741 	73.2447 	2.1048 	24
1.1353 	26537 	12475 	403.6818 	74.0771 	2.1272 	22
1.1275 	31238 	14901 	405.4836 	74.9243 	2.0964 	24
1.12 	27371 	13403 	407.28 	75.7857 	2.0422 	22
1.1129 	32306 	15594 	409.0709 	76.6606 	2.0717 	26
1.1061 	26711 	12784 	410.8565 	77.5484 	2.0894 	22
1.0996 	26939 	14686 	412.6368 	78.4484 	1.8343 	23
1.0934 	30444 	14807 	414.412 	79.36 	2.0561 	23
1.0875 	27691 	14279 	416.1822 	80.2825 	1.9393 	22
1.0818 	32956 	17047 	417.9474 	81.2153 	1.9332 	25
1.0761 	26504 	14171 	419.7077 	82.1582 	1.8703 	23
1.07 	28525 	16645 	421.4624 	83.1116 	1.7137 	22
1.0637 	26352 	14628 	423.2113 	84.0759 	1.8015 	23
1.057 	27434 	15406 	424.9538 	85.0515 	1.7807 	23
1.0501 	28600 	16634 	426.6896 	86.0388 	1.7194 	24
1.0429 	28379 	18365 	428.4182 	87.0382 	1.5453 	22
1.0354 	28992 	15862 	430.1391 	88.0501 	1.8278 	23
1.0277 	31906 	17335 	431.852 	89.075 	1.8406 	24
1.0196 	29635 	17977 	433.5564 	90.1132 	1.6485 	23
1.0112 	29706 	18309 	435.2519 	91.1651 	1.6225 	23
1.0026 	25419 	16198 	436.938 	92.2312 	1.5693 	22
0.9936 	25200 	16478 	438.6143 	93.3119 	1.5293 	24
0.9844 	22806 	15949 	440.2803 	94.4076 	1.4299 	22
0.9748 	23893 	16397 	441.9357 	95.5187 	1.4572 	21
0.965 	25662 	17470 	443.5801 	96.6456 	1.4689 	23
0.9549 	24970 	17597 	445.2128 	97.7887 	1.419 	23
0.9444 	24680 	16951 	446.8336 	98.9484 	1.456 	23
0.9337 	24686 	17668 	448.442 	100.1252 	1.3972 	23
0.9227 	23762 	17044 	450.0376 	101.3194 	1.3942 	22
0.9116 	22643 	17166 	451.6199 	102.5315 	1.3191 	21
0.9005 	25745 	19450 	453.1889 	103.7614 	1.3237 	22
0.8898 	25416 	19165 	454.7448 	105.0086 	1.3262 	22
0.8793 	24876 	19502 	456.2878 	106.2727 	1.2756 	22
0.8691 	25380 	19739 	457.8184 	107.5531 	1.2858 	22
0.8593 	24143 	20417 	459.3368 	108.8494 	1.1825 	22
0.8497 	24772 	20969 	460.8432 	110.161 	1.1814 	22
0.8404 	28134 	21361 	462.338 	111.4876 	1.3171 	23
0.8314 	26485 	20484 	463.8214 	112.8285 	1.293 	21
0.8227 	22698 	21333 	465.2937 	114.1832 	1.064 	20
0.8142 	21839 	20124 	466.7552 	115.5514 	1.0852 	20
0.8061 	24258 	22372 	468.2062 	116.9324 	1.0843 	24
0.7982 	24425 	22263 	469.647 	118.3259 	1.0971 	24
0.7907 	24397 	24805 	471.0779 	119.7312 	0.9836 	24
0.7834 	25461 	24184 	472.4991 	121.148 	1.0528 	23
0.7764 	16731 	15314 	473.9109 	122.5756 	1.0925 	15
0.7697 	23948 	24595 	475.3137 	124.0137 	0.9737 	24
0.7632 	23766 	23570 	476.7076 	125.4617 	1.0083 	24
0.7571 	21914 	21786 	478.093 	126.9191 	1.0059 	24
0.7512 	21546 	22573 	479.4702 	128.3854 	0.9545 	23
0.7454 	20663 	21878 	480.8394 	129.8602 	0.9445 	20
0.7396 	21395 	25092 	482.2006 	131.3433 	0.8527 	21
0.7334 	20870 	25164 	483.5531 	132.8348 	0.8294 	21
0.7269 	22389 	24507 	484.8964 	134.3351 	0.9136 	23
0.7202 	21365 	25752 	486.2299 	135.8444 	0.8296 	23
0.7132 	20255 	26539 	487.553 	137.3628 	0.7632 	23
0.7059 	17155 	21108 	488.8652 	138.8906 	0.8127 	22
0.6983 	18521 	24269 	490.166 	140.428 	0.7632 	24
0.6904 	19505 	23725 	491.4545 	141.9753 	0.8221 	24
0.6823 	17263 	23387 	492.7305 	143.5326 	0.7381 	21
0.6738 	18312 	23925 	493.9932 	145.1002 	0.7654 	22
0.665 	17896 	24583 	495.2421 	146.6783 	0.728 	23
0.656 	19059 	26200 	496.4766 	148.2671 	0.7274 	22
0.6466 	20495 	27588 	497.6962 	149.8669 	0.7429 	21
0.6369 	18448 	24878 	498.9003 	151.4779 	0.7415 	22
0.627 	18698 	25329 	500.0882 	153.1003 	0.7382 	24
0.6167 	19057 	28548 	501.2595 	154.7343 	0.6675 	24
0.6061 	17784 	27612 	502.4135 	156.3801 	0.6441 	21
0.5953 	16670 	26699 	503.5496 	158.038 	0.6244 	21
0.5841 	17834 	26987 	504.6674 	159.7082 	0.6608 	25
0.5728 	16674 	28590 	505.7662 	161.3909 	0.5832 	22
0.5616 	17423 	30104 	506.8459 	163.0861 	0.5788 	24
0.5508 	15000 	26543 	507.9072 	164.7934 	0.5651 	23
0.5403 	17468 	28067 	508.9505 	166.5125 	0.6224 	24
0.5302 	17657 	29518 	509.9764 	168.2429 	0.5982 	22
0.5205 	18063 	30947 	510.9857 	169.9843 	0.5837 	23
0.5111 	16616 	28248 	511.9788 	171.7362 	0.5882 	24
0.5021 	14074 	26267 	512.9564 	173.4984 	0.5358 	22
0.4934 	14572 	28827 	513.9189 	175.2704 	0.5055 	23
0.4851 	16940 	37043 	514.8671 	177.0517 	0.4573 	26
0.4772 	13620 	28679 	515.8016 	178.8422 	0.4749 	21
0.4696 	18157 	36454 	516.7229 	180.6412 	0.4981 	26
0.4623 	13426 	26760 	517.6315 	182.4486 	0.5017 	20
0.4555 	16201 	36604 	518.5282 	184.2638 	0.4426 	27
0.449 	12912 	25804 	519.4135 	186.0866 	0.5004 	22
0.4428 	13837 	31217 	520.288 	187.9164 	0.4433 	25
0.437 	12648 	29202 	521.1522 	189.753 	0.4331 	23
0.4316 	15234 	32119 	522.0068 	191.5959 	0.4743 	24
0.4265 	14303 	32164 	522.8524 	193.4448 	0.4447 	23
0.4218 	13437 	30459 	523.6896 	195.2992 	0.4412 	24
0.4172 	13473 	29113 	524.5189 	197.1588 	0.4628 	24
0.4125 	13298 	31005 	525.3403 	199.0234 	0.4289 	24
0.4073 	13523 	31848 	526.153 	200.893 	0.4246 	23
0.4014 	14526 	34532 	526.9556 	202.7677 	0.4207 	25
0.395 	13345 	32081 	527.7468 	204.6477 	0.416 	23
0.388 	12880 	32115 	528.5253 	206.533 	0.4011 	25
0.3804 	13320 	33843 	529.2901 	208.4238 	0.3936 	24
0.3722 	13015 	31707 	530.0397 	210.3202 	0.4105 	23
0.3634 	11804 	33080 	530.773 	212.2223 	0.3568 	24
0.354 	11168 	31737 	531.4888 	214.1302 	0.3519 	24
0.3441 	10532 	32000 	532.1856 	216.0441 	0.3291 	24
0.3335 	11223 	29695 	532.8624 	217.964 	0.3779 	23
0.3223 	9904 	29386 	533.5179 	219.8901 	0.337 	25
0.3105 	11070 	31724 	534.1508 	221.8225 	0.3489 	23
0.298 	11998 	36284 	534.7599 	223.7612 	0.3307 	24
0.285 	12121 	38326 	535.3439 	225.7065 	0.3163 	25
0.2713 	9577 	30605 	535.9016 	227.6584 	0.3129 	22
0.257 	12297 	36518 	536.4317 	229.6171 	0.3367 	25
0.2421 	10184 	32066 	536.933 	231.5826 	0.3176 	22
0.2266 	12403 	38615 	537.4043 	233.5551 	0.3212 	24
0.2105 	10164 	32646 	537.8442 	235.5347 	0.3113 	23
0.1944 	11503 	35239 	538.2519 	237.5215 	0.3264 	24
0.1786 	10134 	33051 	538.6277 	239.5151 	0.3066 	23
0.1633 	10438 	34620 	538.9727 	241.5151 	0.3015 	24
0.1485 	10374 	31189 	539.2876 	243.5211 	0.3326 	24
0.1342 	10464 	33269 	539.5735 	245.5326 	0.3145 	23
0.1204 	9622 	32641 	539.8314 	247.5493 	0.2948 	23
0.1071 	10624 	39043 	540.062 	249.5707 	0.2721 	23
0.09436 	10100 	33903 	540.2665 	251.5965 	0.2979 	21
0.08209 	10572 	35076 	540.4458 	253.626 	0.3014 	24
0.07031 	9905 	33196 	540.6008 	255.659 	0.2984 	23
0.05901 	9982 	32844 	540.7324 	257.6951 	0.3039 	22
0.04822 	10178 	36578 	540.8415 	259.7337 	0.2783 	22
0.0379 	10739 	34850 	540.9292 	261.7744 	0.3081 	22
0.02806 	10017 	36947 	540.9963 	263.8169 	0.2711 	22
0.0187 	10458 	36414 	541.0439 	265.8607 	0.2872 	22
0.009819 	9646 	35844 	541.0728 	267.9054 	0.2691 	22
0.001388 	9474 	36160 	541.084 	269.9506 	0.262 	22
-0.006596 	12762 	43736 	541.0785 	271.9958 	0.2918 	29
-0.01411 	10716 	40924 	541.0571 	274.0405 	0.2619 	24
-0.02114 	10228 	36557 	541.0208 	276.0845 	0.2798 	23
-0.02792 	11390 	39639 	540.9706 	278.1272 	0.2873 	22
-0.03468 	10479 	38797 	540.9067 	280.1685 	0.2701 	23
-0.04153 	9990 	38272 	540.829 	282.2081 	0.261 	22
-0.04852 	8552 	33371 	540.7373 	284.2461 	0.2563 	22
-0.0556 	8761 	31854 	540.6312 	286.2823 	0.275 	22
-0.0628 	9077 	36575 	540.5107 	288.3167 	0.2482 	23
-0.07013 	9741 	37763 	540.3755 	290.349 	0.258 	24
-0.07755 	10183 	37470 	540.2253 	292.3793 	0.2718 	22
-0.0851 	9574 	36172 	540.0601 	294.4075 	0.2647 	22
-0.09278 	10551 	39775 	539.8795 	296.4333 	0.2653 	22
-0.1006 	10568 	40047 	539.6833 	298.4569 	0.2639 	24
-0.1085 	11595 	39178 	539.4714 	300.478 	0.296 	24
-0.1165 	10344 	38969 	539.2435 	302.4966 	0.2654 	23
-0.1246 	11781 	38005 	538.9993 	304.5125 	0.31 	23
-0.1328 	10513 	32376 	538.7388 	306.5258 	0.3247 	22
-0.1412 	11013 	36858 	538.4617 	308.5361 	0.2988 	25
-0.1497 	10971 	36427 	538.1677 	310.5436 	0.3012 	23
-0.1583 	9942 	32378 	537.8566 	312.5481 	0.3071 	22
-0.167 	11066 	36758 	537.5283 	314.5494 	0.3011 	23
-0.1758 	10993 	34123 	537.1824 	316.5476 	0.3222 	24
-0.1847 	11425 	42037 	536.8189 	318.5424 	0.2718 	23
-0.1935 	12260 	36618 	536.4376 	320.5339 	0.3348 	25
-0.2022 	12995 	37376 	536.0389 	322.5221 	0.3477 	22
-0.2107 	12374 	38106 	535.6232 	324.5069 	0.3247 	24
-0.219 	13664 	38716 	535.1907 	326.4884 	0.3529 	24
-0.2272 	13135 	41272 	534.7418 	328.4667 	0.3183 	24
-0.2351 	11751 	36812 	534.2769 	330.4417 	0.3192 	23
-0.2429 	14502 	44211 	533.7963 	332.4135 	0.328 	24
-0.2506 	12945 	35989 	533.3003 	334.3821 	0.3597 	24
-0.258 	12071 	36647 	532.7894 	336.3475 	0.3294 	22
-0.2653 	13755 	42314 	532.2638 	338.3098 	0.3251 	25
-0.2724 	12806 	35426 	531.7239 	340.2689 	0.3615 	22
-0.2793 	12746 	36235 	531.1701 	342.2249 	0.3518 	25
-0.2861 	13735 	35727 	530.6027 	344.1778 	0.3844 	23
-0.2927 	13444 	34450 	530.0221 	346.1277 	0.3902 	24
-0.2991 	14456 	37987 	529.4285 	348.0745 	0.3806 	25
-0.3053 	11639 	31129 	528.8224 	350.0183 	0.3739 	23
-0.3114 	13230 	34138 	528.2042 	351.9591 	0.3875 	23
-0.3173 	14383 	34980 	527.574 	353.8969 	0.4112 	25
-0.323 	14360 	36291 	526.9324 	355.8318 	0.3957 	23
-0.3286 	17275 	40209 	526.2797 	357.7637 	0.4296 	26
-0.3343 	15384 	36946 	525.6159 	359.6927 	0.4164 	22
-0.3403 	17729 	42707 	524.9408 	361.6182 	0.4151 	25
-0.3468 	16161 	36432 	524.2536 	363.5398 	0.4436 	23
-0.3536 	16479 	34954 	523.5536 	365.4568 	0.4714 	24
-0.3608 	15521 	33946 	522.8403 	367.3688 	0.4572 	24
-0.3684 	19024 	39742 	522.1129 	369.2751 	0.4787 	24
-0.3765 	16099 	33543 	521.3707 	371.1753 	0.48 	24
-0.3849 	17043 	32641 	520.6132 	373.0687 	0.5221 	24
-0.3938 	16281 	32466 	519.8395 	374.9548 	0.5015 	24
-0.4031 	16536 	35764 	519.0491 	376.833 	0.4624 	24
-0.4128 	17056 	33418 	518.2413 	378.7029 	0.5104 	23
-0.4229 	17972 	32438 	517.4153 	380.5638 	0.554 	24
-0.4334 	16843 	31190 	516.5706 	382.4152 	0.54 	24
-0.4444 	15629 	32861 	515.7065 	384.2565 	0.4756 	25
-0.4557 	14801 	31622 	514.8223 	386.0872 	0.4681 	22
-0.4675 	18676 	34275 	513.9174 	387.9067 	0.5449 	26
-0.4798 	16325 	29562 	512.991 	389.7145 	0.5522 	21
-0.4924 	18903 	34401 	512.0425 	391.51 	0.5495 	24
-0.5055 	17196 	31079 	511.0712 	393.2927 	0.5533 	23
-0.519 	18123 	33794 	510.0765 	395.062 	0.5363 	24
-0.5327 	16314 	29788 	509.0577 	396.8173 	0.5477 	23
-0.546 	17136 	28646 	508.0151 	398.5588 	0.5982 	23
-0.559 	17051 	26970 	506.9496 	400.2866 	0.6322 	24
-0.5715 	16268 	28831 	505.8618 	402.0012 	0.5643 	24
-0.5835 	16697 	28894 	504.7527 	403.7029 	0.5779 	23
-0.5951 	17417 	27634 	503.623 	405.3919 	0.6303 	21
-0.6063 	17946 	28618 	502.4738 	407.0688 	0.6271 	23
-0.617 	18106 	28611 	501.3058 	408.7338 	0.6328 	23
-0.6273 	16309 	25423 	500.1198 	410.3872 	0.6415 	24
-0.6371 	15511 	25408 	498.9166 	412.0294 	0.6105 	24
-0.6465 	18368 	26879 	497.6971 	413.6608 	0.6834 	23
-0.6554 	18439 	28261 	496.4622 	415.2817 	0.6525 	23
-0.6639 	20709 	29175 	495.2127 	416.8924 	0.7098 	24
-0.672 	20057 	27621 	493.9495 	418.4933 	0.7262 	23
-0.6796 	19563 	27544 	492.6732 	420.0847 	0.7102 	23
-0.6868 	19464 	28423 	491.3849 	421.6671 	0.6848 	22
-0.6936 	21112 	29434 	490.0854 	423.2406 	0.7173 	23
-0.7 	21378 	27132 	488.7755 	424.8057 	0.7879 	23
-0.7059 	19871 	23790 	487.456 	426.3626 	0.8353 	23
-0.7114 	20300 	24055 	486.1277 	427.9119 	0.8439 	23
-0.7166 	19947 	21637 	484.7917 	429.4537 	0.9219 	21
-0.7218 	22852 	25596 	483.4481 	430.9882 	0.8928 	24
-0.7273 	21892 	24386 	482.0968 	432.5149 	0.8977 	23
-0.7331 	20615 	22975 	480.7374 	434.0334 	0.8973 	21
-0.7392 	22128 	22322 	479.3696 	435.5432 	0.9913 	22
-0.7455 	24546 	27326 	477.993 	437.0439 	0.8983 	24
-0.7522 	22987 	25174 	476.6073 	438.535 	0.9131 	24
-0.7591 	20291 	22752 	475.2121 	440.016 	0.8918 	24
-0.7663 	21730 	22535 	473.8071 	441.4865 	0.9643 	23
-0.7738 	20529 	20597 	472.3918 	442.946 	0.9967 	20
-0.7816 	18786 	20969 	470.966 	444.3941 	0.8959 	20
-0.7897 	25208 	26310 	469.5293 	445.8303 	0.9581 	24
-0.7981 	25317 	25819 	468.0814 	447.2541 	0.9806 	24
-0.8067 	27064 	25259 	466.6218 	448.665 	1.0715 	24
-0.8157 	27268 	25903 	465.1503 	450.0626 	1.0527 	24
-0.8249 	24738 	23222 	463.6665 	451.4465 	1.0653 	22
-0.8344 	22925 	20977 	462.17 	452.8162 	1.0929 	21
-0.8443 	23333 	19758 	460.6606 	454.1712 	1.1809 	21
-0.8544 	23019 	19647 	459.1378 	455.511 	1.1716 	22
-0.8648 	24785 	21354 	457.6012 	456.8352 	1.1607 	23
-0.8754 	26478 	21210 	456.0505 	458.1434 	1.2484 	24
-0.8861 	25258 	19421 	454.4857 	459.4351 	1.3006 	22
-0.8967 	26785 	21678 	452.9066 	460.7103 	1.2356 	23
-0.9072 	24662 	20117 	451.3139 	461.9692 	1.2259 	24
-0.9175 	24061 	19291 	449.7077 	463.2117 	1.2473 	22
-0.9277 	29718 	21903 	448.0885 	464.438 	1.3568 	24
-0.9377 	22732 	16932 	446.4566 	465.6481 	1.3425 	16
-0.9476 	1381 	974 	444.8123 	466.8421 	1.4179 	1
-0.9574 	0 	0 	443.156 	468.0201 	NaN 	0
-0.9671 	0 	0 	441.488 	469.1822 	NaN 	0
-0.9766 	0 	0 	439.8087 	470.3284 	NaN 	0
-0.986 	0 	0 	438.1183 	471.4588 	NaN 	0
-0.9953 	0 	0 	436.4173 	472.5735 	NaN 	0
-1.0045 	0 	0 	434.706 	473.6725 	NaN 	0
-1.0135 	0 	0 	432.9847 	474.7559 	NaN 	0
-1.0224 	0 	0 	431.2538 	475.8239 	NaN 	0
-1.0312 	0 	0 	429.5137 	476.8764 	NaN 	0
-1.0399 	0 	0 	427.7646 	477.9136 	NaN 	0
-1.0484 	0 	0 	426.0069 	478.9355 	NaN 	0
-1.0569 	0 	0 	424.241 	479.9423 	NaN 	0
-1.0652 	0 	0 	422.4672 	480.9339 	NaN 	0
-1.0735 	0 	0 	420.6857 	481.9104 	NaN 	0
-1.0817 	0 	0 	418.8969 	482.8719 	NaN 	0
-1.0899 	0 	0 	417.1008 	483.8184 	NaN 	0
-1.0982 	0 	0 	415.2974 	484.7498 	NaN 	0
-1.1064 	0 	0 	413.4869 	485.6662 	NaN 	0
-1.1146 	0 	0 	411.6693 	486.5675 	NaN 	0
-1.1228 	0 	0 	409.8446 	487.4537 	NaN 	0
-1.1309 	0 	0 	408.013 	488.3248 	NaN 	0
-1.1391 	0 	0 	406.1746 	489.1809 	NaN 	0
-1.1473 	0 	0 	404.3295 	490.0218 	NaN 	0
-1.1554 	0 	0 	402.4775 	490.8476 	NaN 	0
-1.1635 	0 	0 	400.6191 	491.6583 	NaN 	0
-1.1717 	0 	0 	398.7541 	492.4539 	NaN 	0
-1.1798 	0 	0 	396.8826 	493.2343 	NaN 	0
-1.1879 	0 	0 	395.0048 	493.9995 	NaN 	0
-1.196 	0 	0 	393.1206 	494.7496 	NaN 	0
-1.2041 	0 	0 	391.2302 	495.4845 	NaN 	0
-1.2121 	0 	0 	389.3337 	496.2043 	NaN 	0
-1.2202 	0 	0 	387.4312 	496.9088 	NaN 	0
-1.2282 	0 	0 	385.5226 	497.5981 	NaN 	0
-1.2363 	0 	0 	383.6081 	498.2723 	NaN 	0
-1.2445 	0 	0 	381.6879 	498.931 	NaN 	0
-1.2528 	0 	0 	379.762 	499.5739 	NaN 	0
-1.2613 	0 	0 	377.8307 	500.2007 	NaN 	0
-1.2699 	0 	0 	375.894 	500.8109 	NaN 	0
-1.2788 	0 	0 	373.9523 	501.4041 	NaN 	0
-1.2877 	0 	0 	372.0056 	501.9799 	NaN 	0
-1.2969 	0 	0 	370.0541 	502.5379 	NaN 	0
-1.3062 	0 	0 	368.098 	503.0778 	NaN 	0
-1.3157 	0 	0 	366.1375 	503.5991 	NaN 	0
-1.3254 	0 	0 	364.1727 	504.1013 	NaN 	0
-1.3352 	0 	0 	362.2037 	504.5843 	NaN 	0
-1.3453 	0 	0 	360.2308 	505.0475 	NaN 	0
-1.3555 	0 	0 	358.254 	505.4904 	NaN 	0
-1.3659 	0 	0 	356.2737 	505.9128 	NaN 	0
-1.3765 	0 	0 	354.2899 	506.3143 	NaN 	0
-1.3872 	0 	0 	352.3029 	506.6944 	NaN 	0
-1.3982 	0 	0 	350.3126 	507.0527 	NaN 	0
-1.4093 	0 	0 	348.3195 	507.3888 	NaN 	0
-1.4207 	0 	0 	346.3235 	507.7024 	NaN 	0
-1.4321 	0 	0 	344.325 	507.993 	NaN 	0
-1.4433 	0 	0 	342.324 	508.2607 	NaN 	0
-1.4539 	0 	0 	340.3206 	508.5066 	NaN 	0
-1.4639 	0 	0 	338.315 	508.7316 	NaN 	0
-1.4734 	0 	0 	336.3073 	508.9371 	NaN 	0
-1.4823 	0 	0 	334.2977 	509.1241 	NaN 	0
-1.4906 	0 	0 	332.2861 	509.2938 	NaN 	0
-1.4984 	0 	0 	330.2729 	509.4474 	NaN 	0
-1.5056 	0 	0 	328.2581 	509.586 	NaN 	0
-1.5121 	0 	0 	326.2418 	509.7108 	NaN 	0
-1.5182 	0 	0 	324.2241 	509.8229 	NaN 	0
-1.5236 	0 	0 	322.2052 	509.9234 	NaN 	0
-1.5285 	0 	0 	320.1852 	510.0136 	NaN 	0
-1.5328 	0 	0 	318.1642 	510.0946 	NaN 	0
-1.5365 	0 	0 	316.1423 	510.1675 	NaN 	0
-1.5396 	0 	0 	314.1198 	510.2335 	NaN 	0
-1.5422 	0 	0 	312.0966 	510.2937 	NaN 	0
-1.5442 	0 	0 	310.0728 	510.3493 	NaN 	0
-1.5456 	0 	0 	308.0488 	510.4015 	NaN 	0
-1.5465 	0 	0 	306.0244 	510.4513 	NaN 	0
-1.5467 	0 	0 	304 	510.5 	NaN 	0