theta 	horizontal_polarization_intensity 	vertical_polarization_intensity 	x_coordinate 	y_coordinate 	r 	pixel_count
1.4853 	0 	0 	299 	510.5 	NaN 	0
1.4851 	0 	0 	296.9824 	510.3272 	NaN 	0
1.4842 	0 	0 	294.9651 	510.1532 	NaN 	0
1.4828 	0 	0 	292.9483 	509.977 	NaN 	0
1.4808 	0 	0 	290.9321 	509.7974 	NaN 	0
1.4782 	0 	0 	288.917 	509.6131 	NaN 	0
1.4751 	0 	0 	286.903 	509.4232 	NaN 	0
1.4713 	1142 	516 	284.8904 	509.2264 	2.2132 	2
1.467 	11274 	3234 	282.8795 	509.0217 	3.4861 	10
1.4622 	25452 	8566 	280.8705 	508.8078 	2.9713 	18
1.4567 	32481 	10928 	278.8636 	508.5837 	2.9723 	23
1.4507 	32763 	10407 	276.8592 	508.3481 	3.1482 	24
1.444 	34049 	11785 	274.8573 	508.1 	2.8892 	23
1.4368 	32504 	9972 	272.8583 	507.8383 	3.2595 	22
1.429 	32987 	10634 	270.8624 	507.5616 	3.102 	23
1.4207 	32402 	10912 	268.8698 	507.2691 	2.9694 	24
1.4117 	31531 	10166 	266.8808 	506.9594 	3.1016 	22
1.4022 	35508 	11189 	264.8955 	506.6315 	3.1735 	25
1.392 	33020 	11285 	262.9144 	506.2841 	2.926 	23
1.3813 	32130 	9868 	260.9375 	505.9163 	3.256 	23
1.3701 	30157 	9785 	258.9651 	505.5268 	3.082 	22
1.3586 	34917 	12400 	256.9974 	505.1146 	2.8159 	25
1.3474 	33084 	10614 	255.0346 	504.6801 	3.117 	23
1.3364 	32742 	11156 	253.0765 	504.2237 	2.9349 	23
1.3258 	31070 	11241 	251.1232 	503.7462 	2.764 	23
1.3155 	33252 	11565 	249.1747 	503.2482 	2.8752 	25
1.3054 	30605 	11281 	247.231 	502.7302 	2.713 	22
1.2957 	33962 	12276 	245.292 	502.193 	2.7665 	24
1.2863 	34212 	13062 	243.3579 	501.6371 	2.6192 	23
1.2772 	34576 	11802 	241.4285 	501.0632 	2.9297 	24
1.2684 	37573 	13752 	239.5039 	500.4719 	2.7322 	24
1.2599 	34055 	13106 	237.5841 	499.8638 	2.5984 	23
1.2517 	32122 	12032 	235.6691 	499.2396 	2.6697 	22
1.2437 	36024 	14052 	233.7589 	498.5999 	2.5636 	26
1.2361 	31108 	12281 	231.8535 	497.9452 	2.533 	22
1.2288 	35444 	13842 	229.9528 	497.2763 	2.5606 	25
1.2218 	33387 	14591 	228.0569 	496.5937 	2.2882 	24
1.215 	34505 	14353 	226.1658 	495.8982 	2.404 	23
1.2086 	34401 	14533 	224.2795 	495.1902 	2.3671 	23
1.2024 	35619 	14533 	222.398 	494.4704 	2.4509 	24
1.1965 	36018 	15193 	220.5212 	493.7396 	2.3707 	24
1.1907 	35174 	15323 	218.6493 	492.9981 	2.2955 	24
1.1847 	36488 	16194 	216.7824 	492.2459 	2.2532 	23
1.1785 	36283 	16023 	214.9207 	491.4825 	2.2644 	23
1.172 	36941 	15796 	213.0647 	490.7076 	2.3386 	25
1.1652 	33829 	15854 	211.2144 	489.9207 	2.1338 	23
1.1582 	33312 	15256 	209.3703 	489.1213 	2.1835 	23
1.151 	31272 	15272 	207.5326 	488.3092 	2.0477 	23
1.1435 	32481 	14201 	205.7015 	487.4839 	2.2872 	24
1.1357 	27918 	14493 	203.8775 	486.6448 	1.9263 	23
1.1277 	30608 	14802 	202.0606 	485.7917 	2.0678 	25
1.1195 	25703 	12915 	200.2513 	484.9242 	1.9902 	21
1.111 	33268 	17382 	198.4497 	484.0417 	1.9139 	25
1.1022 	27134 	14005 	196.6562 	483.1439 	1.9375 	21
1.0932 	33556 	17405 	194.8711 	482.2303 	1.928 	26
1.084 	27165 	14679 	193.0945 	481.3007 	1.8506 	22
1.0745 	30409 	17370 	191.3269 	480.3544 	1.7507 	22
1.0647 	32773 	19327 	189.5685 	479.3911 	1.6957 	24
1.0547 	31680 	19253 	187.8195 	478.4105 	1.6455 	23
1.0445 	32163 	19673 	186.0803 	477.412 	1.6349 	24
1.034 	30266 	16811 	184.351 	476.3953 	1.8004 	21
1.0233 	33384 	20607 	182.6321 	475.3599 	1.62 	24
1.0126 	32416 	17476 	180.9238 	474.3059 	1.8549 	23
1.0019 	32086 	19750 	179.2264 	473.2334 	1.6246 	23
0.9911 	29614 	19311 	177.5404 	472.1425 	1.5335 	23
0.9803 	29464 	18294 	175.866 	471.0333 	1.6106 	24
0.9695 	29856 	19851 	174.2036 	469.906 	1.504 	23
0.9586 	27893 	19820 	172.5536 	468.7607 	1.4073 	23
0.9476 	26011 	17768 	170.9162 	467.5975 	1.4639 	21
0.9366 	27253 	17489 	169.2919 	466.4165 	1.5583 	22
0.9256 	26942 	18324 	167.681 	465.2178 	1.4703 	23
0.9145 	28719 	18618 	166.0838 	464.0017 	1.5425 	23
0.9033 	25932 	18884 	164.5006 	462.7681 	1.3732 	22
0.8921 	27670 	19183 	162.9319 	461.5173 	1.4424 	23
0.8807 	28423 	19901 	161.3779 	460.2494 	1.4282 	23
0.8694 	26246 	17876 	159.839 	458.9644 	1.4682 	22
0.8579 	27157 	20113 	158.3156 	457.6626 	1.3502 	22
0.8464 	28831 	23595 	156.808 	456.3439 	1.2219 	24
0.8348 	25892 	20251 	155.3165 	455.0087 	1.2786 	22
0.8231 	21588 	15764 	153.8414 	453.6569 	1.3694 	20
0.8114 	21357 	17436 	152.3832 	452.2887 	1.2249 	20
0.7998 	23633 	21177 	150.9421 	450.9044 	1.116 	23
0.7885 	22917 	19842 	149.5177 	449.5043 	1.155 	22
0.7778 	23352 	21167 	148.1093 	448.0892 	1.1032 	23
0.7675 	19948 	19535 	146.7162 	446.6599 	1.0211 	19
0.7577 	23278 	23042 	145.3378 	445.2168 	1.0102 	21
0.7484 	27641 	26788 	143.9735 	443.7608 	1.0318 	22
0.7395 	28968 	28183 	142.6225 	442.2926 	1.0279 	24
0.7311 	23016 	25333 	141.2842 	440.8127 	0.9085 	23
0.7232 	22616 	23074 	139.958 	439.3219 	0.9802 	22
0.7158 	22608 	23347 	138.6431 	437.8209 	0.9683 	21
0.7088 	24853 	27134 	137.339 	436.3103 	0.9159 	23
0.7023 	22723 	25998 	136.0449 	434.7908 	0.874 	21
0.6963 	22670 	25298 	134.7602 	433.2631 	0.8961 	23
0.6908 	22609 	23865 	133.4841 	431.7279 	0.9474 	22
0.6858 	24009 	25515 	132.2162 	430.1859 	0.941 	24
0.6812 	23459 	25577 	130.9556 	428.6377 	0.9172 	23
0.6771 	22381 	26136 	129.7018 	427.084 	0.8563 	23
0.6734 	21648 	26476 	128.454 	425.5256 	0.8176 	22
0.6703 	22916 	27983 	127.2117 	423.963 	0.8189 	23
0.6675 	24006 	30321 	125.974 	422.397 	0.7917 	24
0.6648 	22375 	28898 	124.7406 	420.828 	0.7743 	22
0.6617 	21772 	28408 	123.5121 	419.2559 	0.7664 	23
0.6581 	21450 	27916 	122.2891 	417.6801 	0.7684 	23
0.654 	20337 	26492 	121.0727 	416.1002 	0.7677 	23
0.6494 	20077 	24830 	119.8636 	414.5156 	0.8086 	23
0.6443 	19862 	26516 	118.6627 	412.9258 	0.7491 	21
0.6387 	21099 	32650 	117.4709 	411.3303 	0.6462 	22
0.6326 	21473 	31124 	116.2889 	409.7286 	0.6899 	23
0.626 	19340 	27485 	115.1178 	408.1202 	0.7037 	22
0.6189 	18374 	28424 	113.9582 	406.5046 	0.6464 	23
0.6113 	18168 	29760 	112.811 	404.8813 	0.6105 	23
0.6032 	16888 	25705 	111.6772 	403.2498 	0.657 	22
0.5946 	18081 	28065 	110.5575 	401.6095 	0.6443 	21
0.5854 	18573 	30554 	109.4528 	399.9601 	0.6079 	22
0.5758 	18461 	32055 	108.364 	398.3009 	0.5759 	24
0.5657 	17851 	31081 	107.2918 	396.6315 	0.5743 	22
0.5551 	19821 	33976 	106.2373 	394.9514 	0.5834 	24
0.544 	16917 	28690 	105.2011 	393.26 	0.5896 	21
0.5323 	19296 	31087 	104.1842 	391.5569 	0.6207 	24
0.5203 	17980 	34205 	103.1873 	389.8415 	0.5257 	23
0.5082 	18990 	35418 	102.2112 	388.1136 	0.5362 	24
0.4961 	17719 	33853 	101.2558 	386.3734 	0.5234 	22
0.4843 	15519 	29968 	100.3209 	384.6214 	0.5179 	22
0.4726 	17031 	35428 	99.4064 	382.8579 	0.4807 	26
0.4612 	15081 	29943 	98.512 	381.0834 	0.5037 	22
0.4499 	14644 	30124 	97.6376 	379.2983 	0.4861 	22
0.4387 	17646 	35324 	96.783 	377.5029 	0.4995 	24
0.4278 	15999 	32131 	95.948 	375.6977 	0.4979 	23
0.417 	16169 	35770 	95.1325 	373.8831 	0.452 	23
0.4064 	12442 	29889 	94.3363 	372.0594 	0.4163 	23
0.3959 	16130 	35054 	93.5592 	370.2272 	0.4601 	24
0.3857 	14732 	30929 	92.8011 	368.3868 	0.4763 	22
0.3755 	15359 	36569 	92.0617 	366.5385 	0.42 	24
0.3656 	14665 	35145 	91.3409 	364.683 	0.4173 	24
0.3557 	13169 	34159 	90.6385 	362.8204 	0.3855 	23
0.3461 	14527 	34262 	89.9544 	360.9512 	0.424 	23
0.3365 	14201 	33926 	89.2884 	359.0759 	0.4186 	23
0.3272 	13374 	36629 	88.6402 	357.1949 	0.3651 	22
0.3179 	17333 	42896 	88.0098 	355.3084 	0.4041 	26
0.3088 	11952 	33505 	87.3969 	353.4171 	0.3567 	22
0.2998 	12563 	35215 	86.8015 	351.5211 	0.3568 	23
0.2908 	13582 	35050 	86.2234 	349.6206 	0.3875 	23
0.2818 	13101 	35896 	85.6627 	347.7157 	0.365 	22
0.2728 	13054 	32688 	85.1193 	345.8065 	0.3994 	25
0.2639 	12066 	39076 	84.5932 	343.8932 	0.3088 	22
0.255 	14600 	43513 	84.0844 	341.976 	0.3355 	25
0.2461 	13192 	39407 	83.5927 	340.0547 	0.3348 	22
0.2372 	12451 	37488 	83.1183 	338.1297 	0.3321 	23
0.2284 	11492 	37141 	82.6611 	336.201 	0.3094 	22
0.2196 	11151 	36771 	82.2209 	334.2688 	0.3033 	24
0.2108 	11047 	35410 	81.7979 	332.3331 	0.312 	22
0.202 	13094 	39303 	81.392 	330.3941 	0.3332 	24
0.1933 	11512 	35625 	81.003 	328.4519 	0.3231 	22
0.1846 	12648 	40708 	80.6311 	326.5067 	0.3107 	24
0.1759 	11042 	39909 	80.2762 	324.5585 	0.2767 	23
0.1672 	10357 	36378 	79.9382 	322.6074 	0.2847 	22
0.1586 	11625 	38318 	79.6171 	320.6536 	0.3034 	23
0.15 	11274 	34498 	79.313 	318.6973 	0.3268 	22
0.1414 	9501 	35003 	79.0256 	316.7384 	0.2714 	22
0.1328 	10261 	33194 	78.7551 	314.7772 	0.3091 	22
0.1241 	11537 	41297 	78.5014 	312.8137 	0.2794 	24
0.1155 	11741 	38085 	78.2648 	310.8483 	0.3083 	24
0.1067 	9799 	39414 	78.0454 	308.881 	0.2486 	22
0.09789 	10599 	39118 	77.8432 	306.9122 	0.2709 	22
0.08901 	9598 	37285 	77.6585 	304.942 	0.2574 	22
0.08006 	10634 	36302 	77.4915 	302.9705 	0.2929 	24
0.07105 	8482 	33047 	77.3421 	300.9981 	0.2567 	22
0.06197 	9293 	37021 	77.2106 	299.0248 	0.251 	22
0.05281 	8447 	33221 	77.0972 	297.051 	0.2543 	21
0.04359 	10345 	35622 	77.0019 	295.0768 	0.2904 	21
0.03429 	9199 	33529 	76.925 	293.1023 	0.2744 	21
0.02491 	9761 	33551 	76.8665 	291.1279 	0.2909 	20
0.01546 	10184 	36565 	76.8266 	289.1536 	0.2785 	22
0.005934 	10139 	37087 	76.8054 	287.1798 	0.2734 	22
-0.003674 	10397 	38778 	76.8032 	285.2065 	0.2681 	22
-0.01336 	11235 	39084 	76.8199 	283.2341 	0.2875 	22
-0.02313 	11122 	40212 	76.8559 	281.2627 	0.2766 	22
-0.03298 	8966 	36860 	76.9111 	279.2925 	0.2432 	22
-0.0429 	9719 	38395 	76.9858 	277.3237 	0.2531 	22
-0.05277 	10475 	39262 	77.0801 	275.3564 	0.2668 	22
-0.06242 	9979 	34591 	77.1935 	273.3909 	0.2885 	22
-0.07181 	9235 	36864 	77.3257 	271.4269 	0.2505 	22
-0.08095 	10224 	43754 	77.476 	269.4647 	0.2337 	24
-0.08982 	11019 	40732 	77.6439 	267.5041 	0.2705 	23
-0.09844 	10592 	40206 	77.829 	265.5452 	0.2634 	22
-0.1068 	10028 	37964 	78.0307 	263.588 	0.2641 	21
-0.1149 	11046 	40134 	78.2484 	261.6325 	0.2752 	22
-0.1227 	9251 	37399 	78.4818 	259.6788 	0.2474 	24
-0.1303 	10377 	37343 	78.7302 	257.7267 	0.2779 	22
-0.1376 	9893 	36583 	78.9931 	255.7764 	0.2704 	22
-0.1447 	9778 	40313 	79.2701 	253.8278 	0.2426 	24
-0.1514 	10913 	37043 	79.5606 	251.881 	0.2946 	23
-0.158 	10370 	38336 	79.8641 	249.9359 	0.2705 	22
-0.1642 	10848 	40509 	80.18 	247.9927 	0.2678 	24
-0.1703 	10669 	38079 	80.5079 	246.0512 	0.2802 	22
-0.176 	10667 	36521 	80.8473 	244.1115 	0.2921 	22
-0.1815 	12033 	41269 	81.1975 	242.1736 	0.2916 	23
-0.1867 	10679 	35189 	81.5582 	240.2375 	0.3035 	23
-0.1918 	11455 	36449 	81.9288 	238.3032 	0.3143 	22
-0.197 	11175 	38069 	82.309 	236.3708 	0.2935 	23
-0.2025 	11976 	37333 	82.6996 	234.4407 	0.3208 	23
-0.2084 	11229 	39526 	83.101 	232.5131 	0.2841 	24
-0.2146 	10593 	38701 	83.5141 	230.5883 	0.2737 	22
-0.2212 	11328 	39379 	83.9394 	228.6667 	0.2877 	23
-0.2281 	11882 	33983 	84.3775 	226.7486 	0.3496 	23
-0.2355 	11678 	32019 	84.8292 	224.8342 	0.3647 	22
-0.2432 	11154 	34275 	85.2951 	222.9239 	0.3254 	23
-0.2512 	11335 	34237 	85.7759 	221.0181 	0.3311 	22
-0.2596 	11999 	38038 	86.2721 	219.1169 	0.3154 	24
-0.2684 	13984 	37896 	86.7845 	217.2209 	0.369 	23
-0.2776 	12382 	36749 	87.3137 	215.3301 	0.3369 	23
-0.2871 	12598 	33685 	87.8604 	213.4451 	0.374 	23
-0.297 	12125 	33709 	88.4252 	211.566 	0.3597 	22
-0.3073 	13758 	35532 	89.0087 	209.6932 	0.3872 	24
-0.3179 	13235 	37670 	89.6117 	207.8271 	0.3513 	23
-0.329 	13811 	34644 	90.2347 	205.9678 	0.3987 	23
-0.3403 	12834 	33389 	90.8785 	204.1159 	0.3844 	22
-0.3521 	12414 	33702 	91.5437 	202.2715 	0.3683 	23
-0.364 	14149 	35825 	92.2309 	200.4349 	0.3949 	23
-0.3758 	14070 	36989 	92.94 	198.6064 	0.3804 	24
-0.3875 	13633 	34351 	93.6708 	196.7859 	0.3969 	22
-0.399 	14016 	34484 	94.4227 	194.9737 	0.4064 	22
-0.4102 	14237 	33544 	95.1952 	193.1697 	0.4244 	23
-0.4213 	14856 	36376 	95.9881 	191.374 	0.4084 	24
-0.4321 	14885 	29530 	96.8007 	189.5867 	0.5041 	22
-0.4428 	18220 	36854 	97.6328 	187.8079 	0.4944 	25
-0.4533 	13105 	29133 	98.4838 	186.0376 	0.4498 	21
-0.4636 	15783 	30054 	99.3533 	184.276 	0.5252 	24
-0.4737 	16003 	33062 	100.2409 	182.5229 	0.484 	22
-0.4836 	14756 	31724 	101.1462 	180.7787 	0.4651 	22
-0.4934 	16847 	34030 	102.0686 	179.0432 	0.4951 	24
-0.503 	15310 	30702 	103.0078 	177.3167 	0.4987 	23
-0.5123 	16157 	30560 	103.9634 	175.5991 	0.5287 	21
-0.5216 	17351 	35148 	104.9349 	173.8905 	0.4937 	23
-0.5306 	19014 	33446 	105.9218 	172.191 	0.5685 	23
-0.5395 	17431 	30948 	106.9237 	170.5007 	0.5632 	22
-0.5482 	16377 	30027 	107.9402 	168.8197 	0.5454 	23
-0.5567 	16438 	28628 	108.9709 	167.1479 	0.5742 	22
-0.5652 	19817 	34611 	110.0154 	165.4856 	0.5726 	24
-0.5736 	16244 	26429 	111.0734 	163.8326 	0.6146 	22
-0.582 	15694 	24485 	112.145 	162.1892 	0.641 	23
-0.5904 	15981 	24773 	113.23 	160.5553 	0.6451 	22
-0.5987 	18593 	26425 	114.3282 	158.931 	0.7036 	23
-0.607 	18467 	26928 	115.4396 	157.3164 	0.6858 	22
-0.6153 	19219 	30377 	116.564 	155.7115 	0.6327 	23
-0.6235 	20482 	29451 	117.7013 	154.1163 	0.6955 	22
-0.6317 	20791 	31362 	118.8514 	152.531 	0.6629 	22
-0.6399 	19883 	28577 	120.0142 	150.9555 	0.6958 	24
-0.6481 	15989 	22692 	121.1896 	149.39 	0.7046 	21
-0.6562 	19070 	25066 	122.3774 	147.8344 	0.7608 	22
-0.6643 	20617 	26824 	123.5776 	146.2889 	0.7686 	21
-0.6724 	19679 	25275 	124.79 	144.7535 	0.7786 	21
-0.6805 	19834 	27495 	126.0144 	143.2282 	0.7214 	22
-0.6885 	21016 	26822 	127.2509 	141.7131 	0.7835 	23
-0.6965 	19927 	26399 	128.4992 	140.2082 	0.7548 	23
-0.7045 	20805 	26895 	129.7593 	138.7137 	0.7736 	21
-0.7124 	20610 	25724 	131.031 	137.2295 	0.8012 	22
-0.7203 	19593 	23165 	132.3142 	135.7557 	0.8458 	22
-0.7281 	18891 	22453 	133.6088 	134.2923 	0.8414 	20
-0.7358 	22097 	25854 	134.9145 	132.8391 	0.8547 	23
-0.7433 	22704 	25568 	136.2311 	131.396 	0.888 	23
-0.7508 	21407 	22851 	137.5585 	129.9628 	0.9368 	21
-0.7581 	21950 	23176 	138.8964 	128.5394 	0.9471 	20
-0.7652 	26027 	28353 	140.2447 	127.1256 	0.918 	24
-0.7723 	25645 	26995 	141.603 	125.7214 	0.95 	24
-0.7792 	25583 	26060 	142.9713 	124.3265 	0.9817 	24
-0.786 	16412 	17185 	144.3493 	122.9409 	0.955 	16
-0.7926 	24720 	25798 	145.7367 	121.5643 	0.9582 	24
-0.7992 	25815 	24112 	147.1335 	120.1967 	1.0706 	24
-0.8056 	23762 	21918 	148.5393 	118.8379 	1.0841 	22
-0.8119 	20435 	17711 	149.954 	117.4877 	1.1538 	20
-0.818 	25268 	20345 	151.3774 	116.1461 	1.242 	22
-0.824 	27563 	23831 	152.8093 	114.8128 	1.1566 	24
-0.8299 	24338 	21545 	154.2494 	113.4877 	1.1296 	22
-0.8357 	23266 	20433 	155.6976 	112.1708 	1.1386 	22
-0.8413 	25561 	21554 	157.1536 	110.8618 	1.1859 	22
-0.8469 	24259 	21178 	158.6173 	109.5606 	1.1455 	22
-0.8525 	24030 	21186 	160.0885 	108.2672 	1.1342 	23
-0.8585 	23656 	17281 	161.5675 	106.982 	1.3689 	22
-0.8648 	23530 	19451 	163.0545 	105.7058 	1.2097 	21
-0.8714 	21747 	16232 	164.5499 	104.4391 	1.3398 	20
-0.8783 	24810 	19943 	166.0539 	103.1824 	1.244 	22
-0.8856 	27345 	18775 	167.5668 	101.9365 	1.4565 	23
-0.8932 	24691 	18841 	169.089 	100.7018 	1.3105 	20
-0.9011 	27428 	19945 	170.6207 	99.4791 	1.3752 	22
-0.9094 	26620 	18761 	172.1622 	98.2688 	1.4189 	22
-0.918 	27208 	19875 	173.7138 	97.0716 	1.369 	22
-0.9269 	30181 	24225 	175.2759 	95.888 	1.2459 	23
-0.9362 	27489 	17986 	176.8486 	94.7188 	1.5284 	21
-0.9458 	28286 	15996 	178.4324 	93.5644 	1.7683 	22
-0.9558 	27095 	17026 	180.0274 	92.4255 	1.5914 	22
-0.9661 	24727 	16263 	181.6341 	91.3027 	1.5204 	21
-0.9767 	26716 	16302 	183.2526 	90.1965 	1.6388 	22
-0.9876 	28887 	18693 	184.8833 	89.1076 	1.5453 	24
-0.9989 	27853 	17832 	186.5265 	88.0366 	1.562 	23
-1.0105 	27783 	14647 	188.1825 	86.9841 	1.8968 	22
-1.0223 	30541 	18312 	189.8515 	85.9506 	1.6678 	24
-1.034 	27229 	16744 	191.5334 	84.9364 	1.6262 	21
-1.0455 	28678 	16801 	193.2279 	83.9413 	1.7069 	23
-1.0569 	29404 	16959 	194.9343 	82.9653 	1.7338 	23
-1.0681 	28246 	14795 	196.6522 	82.0083 	1.9092 	22
-1.079 	30108 	16595 	198.3811 	81.0701 	1.8143 	22
-1.0898 	34303 	17498 	200.1205 	80.1505 	1.9604 	25
-1.1005 	28447 	14317 	201.8699 	79.2495 	1.9869 	21
-1.1109 	35437 	17979 	203.6289 	78.367 	1.971 	25
-1.1212 	30699 	16254 	205.3969 	77.5028 	1.8887 	22
-1.1314 	32362 	15925 	207.1734 	76.6568 	2.0322 	23
-1.1414 	34215 	17346 	208.958 	75.8289 	1.9725 	23
-1.1512 	32353 	15767 	210.7502 	75.0189 	2.0519 	23
-1.1609 	31525 	15390 	212.5494 	74.2268 	2.0484 	22
-1.1704 	30921 	14251 	214.3552 	73.4523 	2.1697 	23
-1.1798 	29307 	13415 	216.1671 	72.6955 	2.1846 	23
-1.189 	31195 	14321 	217.9846 	71.9562 	2.1783 	24
-1.1981 	27418 	12373 	219.8073 	71.2341 	2.216 	21
-1.2071 	28711 	13759 	221.6345 	70.5294 	2.0867 	23
-1.216 	29422 	14115 	223.4659 	69.8417 	2.0844 	24
-1.2247 	28075 	11161 	225.3011 	69.171 	2.5155 	22
-1.2334 	29573 	12618 	227.1401 	68.5169 	2.3437 	23
-1.242 	32232 	14217 	228.9834 	67.8792 	2.2671 	24
-1.2505 	31023 	12574 	230.8313 	67.2575 	2.4672 	23
-1.2588 	31163 	12840 	232.6841 	66.6515 	2.427 	22
-1.2671 	31564 	12957 	234.5422 	66.0608 	2.4361 	22
-1.2753 	31899 	13238 	236.4058 	65.4852 	2.4097 	23
-1.2833 	34189 	12535 	238.2753 	64.9242 	2.7275 	23
-1.2912 	31988 	12269 	240.1511 	64.3777 	2.6072 	23
-1.2989 	31106 	11923 	242.0335 	63.8451 	2.6089 	22
-1.3066 	33464 	12068 	243.9228 	63.3263 	2.773 	24
-1.314 	32520 	12670 	245.8193 	62.8209 	2.5667 	22
-1.3214 	34170 	12574 	247.7234 	62.3285 	2.7175 	23
-1.3285 	34088 	11711 	249.6353 	61.8488 	2.9108 	22
-1.3356 	37317 	15353 	251.5556 	61.3815 	2.4306 	25
-1.3424 	33547 	12926 	253.4844 	60.9263 	2.5953 	23
-1.3491 	36184 	11993 	255.4221 	60.4828 	3.0171 	24
-1.3556 	34472 	11733 	257.369 	60.0508 	2.938 	22
-1.362 	36194 	13477 	259.3254 	59.6298 	2.6856 	24
-1.3682 	34910 	13039 	261.2918 	59.2195 	2.6774 	23
-1.3745 	34859 	12130 	263.2679 	58.8201 	2.8738 	23
-1.3809 	37469 	12241 	265.2528 	58.4318 	3.0609 	24
-1.3874 	35056 	12343 	267.2454 	58.0554 	2.8402 	22
-1.3941 	37202 	12526 	269.2449 	57.6913 	2.97 	24
-1.4009 	36938 	12414 	271.2502 	57.3401 	2.9755 	24
-1.4078 	33575 	11283 	273.2603 	57.0024 	2.9757 	22
-1.415 	38198 	12282 	275.2742 	56.6785 	3.1101 	24
-1.4223 	37744 	11899 	277.291 	56.3692 	3.172 	23
-1.4298 	38328 	12258 	279.3096 	56.0749 	3.1268 	24
-1.4376 	34235 	11385 	281.329 	55.7962 	3.007 	22
-1.4455 	36160 	11094 	283.3484 	55.5336 	3.2594 	24
-1.4537 	36533 	11368 	285.3665 	55.2877 	3.2137 	24
-1.4621 	35122 	11214 	287.3826 	55.059 	3.132 	22
-1.4708 	37361 	11784 	289.3956 	54.848 	3.1705 	23
-1.4797 	37881 	11717 	291.4044 	54.6553 	3.233 	24
-1.4889 	37982 	12046 	293.4081 	54.4814 	3.1531 	24
-1.4984 	35734 	10553 	295.4058 	54.3269 	3.3861 	23
-1.5083 	34353 	9948 	297.3964 	54.1923 	3.4533 	22
-1.5184 	33383 	10307 	299.3789 	54.0781 	3.2389 	22
-1.5289 	33031 	10733 	301.3524 	53.9849 	3.0775 	22
-1.5395 	33588 	10260 	303.3162 	53.913 	3.2737 	22
-1.55 	34276 	9919 	305.2711 	53.8621 	3.4556 	22
-1.5605 	35547 	10434 	307.2179 	53.832 	3.4068 	22
1.5707 	36157 	11063 	309.1573 	53.8222 	3.2683 	22
1.5604 	33028 	10513 	311.0901 	53.8325 	3.1416 	20
1.5502 	25842 	8280 	313.017 	53.8625 	3.121 	18
1.5401 	30389 	9770 	314.939 	53.9119 	3.1104 	20
1.5302 	31027 	9202 	316.8568 	53.9804 	3.3718 	20
1.5204 	34616 	10952 	318.7711 	54.0676 	3.1607 	22
1.5108 	34320 	10172 	320.6827 	54.1733 	3.374 	21
1.5014 	35950 	11086 	322.5925 	54.297 	3.2428 	22
1.4923 	37071 	10390 	324.5012 	54.4385 	3.5679 	23
1.4833 	35030 	10635 	326.4096 	54.5975 	3.2938 	23
1.4745 	32824 	10141 	328.3185 	54.7735 	3.2368 	21
1.466 	31303 	9829 	330.2286 	54.9663 	3.1848 	21
1.4577 	33703 	10154 	332.1409 	55.1756 	3.3192 	22
1.4497 	33344 	9622 	334.056 	55.401 	3.4654 	23
1.4419 	35486 	10088 	335.9748 	55.6422 	3.5176 	23
1.4344 	35862 	10267 	337.8979 	55.8988 	3.4929 	22
1.4271 	33247 	10095 	339.8261 	56.1707 	3.2934 	21
1.4197 	34986 	11314 	341.759 	56.4577 	3.0923 	23
1.4124 	33603 	10377 	343.6961 	56.7598 	3.2382 	22
1.405 	33658 	10655 	345.6369 	57.0772 	3.1589 	22
1.3977 	35238 	12192 	347.5807 	57.4097 	2.8903 	24
1.3903 	32727 	10835 	349.527 	57.7575 	3.0205 	23
1.3829 	29840 	10701 	351.4753 	58.1205 	2.7885 	22
1.3754 	32210 	10244 	353.425 	58.4988 	3.1443 	24
1.3679 	33530 	11158 	355.3756 	58.8925 	3.005 	23
1.3604 	33617 	11042 	357.3265 	59.3014 	3.0445 	24
1.3528 	35476 	11824 	359.2771 	59.7257 	3.0003 	23
1.3452 	33696 	12066 	361.227 	60.1653 	2.7926 	23
1.3375 	33030 	12456 	363.1756 	60.6203 	2.6517 	23
1.3298 	33012 	11832 	365.1223 	61.0907 	2.7901 	23
1.322 	33086 	12410 	367.0665 	61.5766 	2.6661 	23
1.3141 	34183 	13121 	369.0078 	62.0779 	2.6052 	24
1.3062 	33657 	13011 	370.9455 	62.5947 	2.5868 	23
1.2981 	33576 	11983 	372.8791 	63.1269 	2.802 	24
1.29 	33397 	13353 	374.8081 	63.6747 	2.5011 	23
1.2818 	32460 	12990 	376.7319 	64.2381 	2.4988 	24
1.2735 	33731 	12146 	378.6501 	64.8169 	2.7771 	23
1.2652 	33898 	12348 	380.5625 	65.4115 	2.7452 	24
1.2568 	32045 	12445 	382.4691 	66.0217 	2.5749 	22
1.2483 	31991 	14086 	384.3696 	66.6478 	2.2711 	23
1.2398 	35158 	14369 	386.2641 	67.2897 	2.4468 	25
1.2313 	30799 	13288 	388.1524 	67.9475 	2.3178 	23
1.2226 	31420 	14235 	390.0344 	68.6214 	2.2072 	23
1.214 	30975 	13422 	391.91 	69.3113 	2.3078 	23
1.2052 	31127 	13609 	393.7792 	70.0174 	2.2872 	24
1.1964 	31176 	14690 	395.6418 	70.7397 	2.1223 	24
1.1876 	27825 	13097 	397.4977 	71.4784 	2.1245 	22
1.1787 	30855 	14792 	399.3468 	72.2334 	2.0859 	24
1.1697 	29475 	13893 	401.189 	73.0049 	2.1216 	22
1.1607 	30980 	14812 	403.0243 	73.7929 	2.0915 	24
1.1516 	28594 	13762 	404.8524 	74.5975 	2.0778 	24
1.1425 	29193 	14341 	406.6734 	75.4188 	2.0356 	23
1.1334 	27910 	13432 	408.4871 	76.2568 	2.0779 	23
1.1241 	28168 	13121 	410.2935 	77.1117 	2.1468 	23
1.1149 	29440 	15326 	412.0923 	77.9835 	1.9209 	24
1.1056 	26646 	13321 	413.8835 	78.8722 	2.0003 	21
1.0963 	33447 	17003 	415.6671 	79.7779 	1.9671 	26
1.0872 	27195 	14372 	417.443 	80.7003 	1.8922 	21
1.0782 	30527 	15629 	419.2113 	81.6392 	1.9532 	24
1.0693 	28451 	16329 	420.9719 	82.5944 	1.7424 	24
1.0606 	27317 	15616 	422.7249 	83.5655 	1.7493 	22
1.0519 	27416 	14834 	424.4702 	84.5523 	1.8482 	23
1.0434 	28237 	16510 	426.2079 	85.5546 	1.7103 	23
1.035 	29595 	18230 	427.938 	86.5721 	1.6234 	24
1.0267 	28752 	17077 	429.6604 	87.6045 	1.6837 	23
1.0185 	29931 	15408 	431.3752 	88.6517 	1.9426 	22
1.0104 	31720 	19222 	433.0823 	89.7133 	1.6502 	23
1.0025 	31205 	19255 	434.7818 	90.7892 	1.6206 	24
0.9947 	26265 	15996 	436.4738 	91.879 	1.642 	22
0.987 	27846 	18569 	438.1581 	92.9825 	1.4996 	26
0.9794 	23024 	15135 	439.8348 	94.0995 	1.5212 	22
0.9719 	23593 	17421 	441.5038 	95.2297 	1.3543 	23
0.9645 	24902 	16397 	443.1653 	96.3728 	1.5187 	22
0.9572 	25784 	18120 	444.8192 	97.5286 	1.423 	22
0.9501 	24032 	16614 	446.4655 	98.6969 	1.4465 	22
0.943 	24707 	17443 	448.1042 	99.8773 	1.4164 	24
0.9358 	26311 	18701 	449.7352 	101.0699 	1.4069 	24
0.9285 	23917 	18089 	451.3581 	102.2746 	1.3222 	23
0.9209 	24846 	18492 	452.9724 	103.4919 	1.3436 	22
0.9131 	25793 	20031 	454.5777 	104.7218 	1.2877 	22
0.9051 	25232 	19771 	456.1735 	105.9646 	1.2762 	23
0.8968 	27019 	20987 	457.7594 	107.2206 	1.2874 	23
0.8884 	22417 	19020 	459.335 	108.4898 	1.1786 	21
0.8797 	24561 	21005 	460.8997 	109.7726 	1.1693 	22
0.8708 	25750 	19560 	462.4532 	111.0692 	1.3165 	22
0.8617 	28591 	21979 	463.995 	112.3797 	1.3008 	24
0.8523 	24156 	22117 	465.5247 	113.7044 	1.0922 	21
0.8428 	24111 	22370 	467.0417 	115.0436 	1.0778 	23
0.833 	22998 	21314 	468.5457 	116.3973 	1.079 	24
0.8229 	23806 	21495 	470.0362 	117.766 	1.1075 	24
0.8127 	22214 	22405 	471.5128 	119.1496 	0.9915 	22
0.8022 	19649 	19030 	472.9749 	120.5486 	1.0325 	20
0.7915 	22639 	21323 	474.4223 	121.963 	1.0617 	22
0.7805 	23066 	23473 	475.8543 	123.3932 	0.9827 	24
0.7693 	23446 	23382 	477.2706 	124.8392 	1.0027 	24
0.758 	21005 	21057 	478.6707 	126.3015 	0.9975 	24
0.7466 	20203 	20964 	480.0543 	127.7799 	0.9637 	23
0.7355 	20994 	22607 	481.4216 	129.2742 	0.9287 	22
0.7247 	20173 	23803 	482.7728 	130.784 	0.8475 	21
0.7141 	21921 	26427 	484.1083 	132.3087 	0.8295 	23
0.7038 	21701 	24149 	485.4283 	133.8479 	0.8986 	24
0.6937 	19437 	23335 	486.733 	135.4012 	0.833 	22
0.6839 	19890 	25677 	488.0229 	136.968 	0.7746 	24
0.6744 	18290 	22457 	489.2981 	138.5479 	0.8144 	23
0.6651 	17761 	23278 	490.5589 	140.1405 	0.763 	23
0.6561 	18007 	22705 	491.8057 	141.7453 	0.7931 	24
0.6473 	17710 	24168 	493.0387 	143.3618 	0.7328 	22
0.6388 	18621 	24027 	494.2582 	144.9896 	0.775 	24
0.6305 	18545 	25454 	495.4644 	146.6282 	0.7286 	24
0.6225 	19222 	26462 	496.6577 	148.2771 	0.7264 	23
0.6147 	21810 	29444 	497.8384 	149.9359 	0.7407 	24
0.6072 	19466 	26582 	499.0066 	151.6042 	0.7323 	24
0.6 	17800 	24066 	500.1628 	153.2814 	0.7396 	22
0.5929 	21138 	31834 	501.3072 	154.9671 	0.664 	26
0.5862 	18559 	28303 	502.44 	156.6608 	0.6557 	22
0.5796 	17310 	28322 	503.5615 	158.3622 	0.6112 	23
0.5731 	17362 	27088 	504.6721 	160.0707 	0.6409 	24
0.5664 	18363 	30425 	505.7714 	161.7863 	0.6035 	24
0.5595 	17254 	29794 	506.8589 	163.5095 	0.5791 	24
0.5523 	15761 	27686 	507.9344 	165.2402 	0.5693 	23
0.5449 	16817 	26999 	508.9972 	166.9788 	0.6229 	23
0.5373 	19579 	33135 	510.047 	168.7255 	0.5909 	24
0.5293 	18392 	31008 	511.0832 	170.4806 	0.5931 	23
0.5212 	15600 	27306 	512.1055 	172.2441 	0.5713 	24
0.5128 	14965 	28156 	513.1133 	174.0165 	0.5315 	24
0.5041 	15962 	33191 	514.1063 	175.7979 	0.4809 	24
0.4953 	15384 	32158 	515.084 	177.5884 	0.4784 	23
0.4861 	15658 	33069 	516.0459 	179.3885 	0.4735 	23
0.4768 	16002 	31061 	516.9916 	181.1982 	0.5152 	23
0.4672 	16792 	35838 	517.9206 	183.0179 	0.4686 	26
0.4574 	12544 	28047 	518.8325 	184.8476 	0.4472 	21
0.4473 	14810 	30995 	519.7267 	186.6877 	0.4778 	26
0.437 	11871 	27421 	520.603 	188.5385 	0.4329 	24
0.4265 	14337 	32069 	521.4608 	190.4 	0.4471 	24
0.4157 	15169 	32081 	522.2996 	192.2726 	0.4728 	23
0.4048 	15076 	33443 	523.1191 	194.1564 	0.4508 	25
0.3937 	13018 	29949 	523.9187 	196.0518 	0.4347 	23
0.3827 	13843 	30138 	524.6984 	197.9585 	0.4593 	24
0.3719 	13724 	34044 	525.4581 	199.876 	0.4031 	25
0.3613 	14143 	32760 	526.1981 	201.8038 	0.4317 	24
0.3509 	14780 	34844 	526.9186 	203.7413 	0.4242 	25
0.3406 	13713 	33605 	527.6196 	205.688 	0.4081 	24
0.3306 	13139 	34867 	528.3015 	207.6432 	0.3768 	24
0.3207 	14935 	35644 	528.9642 	209.6064 	0.419 	25
0.311 	13170 	33937 	529.608 	211.5771 	0.3881 	23
0.3014 	12442 	35761 	530.2332 	213.5547 	0.3479 	25
0.292 	11278 	33055 	530.8397 	215.5386 	0.3412 	24
0.2828 	12902 	36114 	531.4277 	217.5283 	0.3573 	25
0.2737 	11365 	33654 	531.9975 	219.5232 	0.3377 	23
0.2648 	11820 	33037 	532.5492 	221.5227 	0.3578 	25
0.256 	12035 	35470 	533.0829 	223.5263 	0.3393 	24
0.2473 	12919 	41285 	533.5988 	225.5334 	0.3129 	24
0.2388 	11740 	36561 	534.0972 	227.5435 	0.3211 	24
0.2304 	12025 	36195 	534.5779 	229.5559 	0.3322 	24
0.2221 	10964 	34638 	535.0415 	231.5702 	0.3165 	23
0.2139 	12680 	39878 	535.4879 	233.5858 	0.318 	24
0.2058 	11507 	37781 	535.9172 	235.602 	0.3046 	25
0.1978 	12051 	35363 	536.3298 	237.6184 	0.3408 	23
0.1897 	11891 	38769 	536.7255 	239.6349 	0.3067 	25
0.1817 	10889 	35477 	537.1044 	241.6515 	0.3069 	22
0.1736 	11347 	34448 	537.4664 	243.6683 	0.3294 	24
0.1654 	12482 	37866 	537.8116 	245.6852 	0.3296 	25
0.1573 	10036 	34550 	538.14 	247.7023 	0.2905 	22
0.1491 	11436 	42306 	538.4515 	249.7197 	0.2703 	24
0.1409 	12139 	40703 	538.7462 	251.7375 	0.2982 	25
0.1326 	10513 	35974 	539.0239 	253.7555 	0.2922 	22
0.1244 	11170 	36640 	539.2847 	255.774 	0.3049 	24
0.1161 	11537 	36247 	539.5286 	257.7929 	0.3183 	23
0.1078 	11165 	41087 	539.7556 	259.8123 	0.2717 	23
0.09946 	11123 	36478 	539.9657 	261.8322 	0.3049 	22
0.09112 	10344 	37487 	540.1588 	263.8526 	0.2759 	22
0.08274 	10811 	37115 	540.335 	265.8736 	0.2913 	22
0.07438 	10632 	39770 	540.4941 	267.8953 	0.2673 	25
0.066 	9998 	36968 	540.6363 	269.9176 	0.2705 	23
0.05761 	9388 	33090 	540.7615 	271.9407 	0.2837 	22
0.04921 	10820 	39460 	540.8697 	273.9645 	0.2742 	23
0.04079 	9906 	38041 	540.9609 	275.9891 	0.2604 	23
0.03227 	11474 	38410 	541.035 	278.0146 	0.2987 	23
0.0235 	11072 	41052 	541.0917 	280.0409 	0.2697 	23
0.01438 	10937 	41334 	541.1302 	282.0677 	0.2646 	25
0.004907 	8552 	33371 	541.15 	284.0952 	0.2563 	22
-0.004936 	8761 	31854 	541.1501 	286.1229 	0.275 	22
-0.01514 	8637 	35319 	541.1299 	288.1509 	0.2445 	22
-0.02568 	8942 	35438 	541.0887 	290.1789 	0.2523 	22
-0.03658 	9613 	35307 	541.0258 	292.2069 	0.2723 	22
-0.04784 	8435 	32149 	540.9403 	294.2346 	0.2624 	21
-0.05946 	10151 	39141 	540.8316 	296.262 	0.2593 	22
-0.07141 	9106 	36273 	540.699 	298.2888 	0.251 	22
-0.08373 	10739 	38368 	540.5417 	300.315 	0.2799 	23
-0.0964 	9782 	37454 	540.3589 	302.3404 	0.2612 	24
-0.1094 	10770 	34906 	540.1501 	304.3648 	0.3085 	22
-0.1227 	10717 	32421 	539.9144 	306.3881 	0.3306 	23
-0.1364 	9699 	31941 	539.6511 	308.4102 	0.3037 	24
-0.1504 	10982 	34517 	539.3594 	310.4309 	0.3182 	24
-0.1647 	9275 	32284 	539.0388 	312.4501 	0.2873 	23
-0.1794 	10969 	36240 	538.6884 	314.4676 	0.3027 	24
-0.1943 	10502 	33045 	538.3074 	316.4833 	0.3178 	24
-0.2094 	11010 	40343 	537.8953 	318.497 	0.2729 	24
-0.2242 	11392 	34710 	537.4518 	320.5085 	0.3282 	23
-0.2383 	13193 	38863 	536.9784 	322.5178 	0.3395 	24
-0.2517 	11675 	36389 	536.4764 	324.5246 	0.3208 	24
-0.2644 	13447 	38442 	535.9471 	326.5287 	0.3498 	25
-0.2764 	12869 	40075 	535.3922 	328.5298 	0.3211 	24
-0.2877 	11961 	37825 	534.8127 	330.528 	0.3162 	24
-0.2984 	13533 	41447 	534.2104 	332.5228 	0.3265 	24
-0.3085 	13689 	39301 	533.5865 	334.5142 	0.3483 	26
-0.3179 	11765 	35218 	532.9425 	336.5019 	0.3341 	22
-0.3266 	14414 	44292 	532.2797 	338.4858 	0.3254 	26
-0.3348 	13901 	39890 	531.5997 	340.4657 	0.3485 	25
-0.3423 	12476 	34120 	530.9037 	342.4413 	0.3657 	24
-0.3492 	15054 	38504 	530.1932 	344.4126 	0.391 	24
-0.3555 	14780 	37969 	529.4697 	346.3792 	0.3893 	25
-0.3613 	14010 	37334 	528.7345 	348.3411 	0.3753 	25
-0.3664 	13221 	36021 	527.9891 	350.298 	0.367 	24
-0.3709 	14919 	36842 	527.2347 	352.2497 	0.4049 	25
-0.3749 	15239 	37766 	526.473 	354.196 	0.4035 	24
-0.3782 	16177 	40285 	525.7053 	356.1368 	0.4016 	24
-0.381 	18505 	42918 	524.9329 	358.0718 	0.4312 	26
-0.3835 	17489 	40550 	524.1573 	360.0009 	0.4313 	24
-0.386 	16591 	39720 	523.3788 	361.924 	0.4177 	23
-0.3889 	17663 	40181 	522.5967 	363.8409 	0.4396 	25
-0.3922 	17399 	34602 	521.8102 	365.7515 	0.5028 	24
-0.3959 	17456 	38852 	521.0187 	367.6558 	0.4493 	24
-0.3999 	19117 	39039 	520.2211 	369.5537 	0.4897 	24
-0.4043 	17259 	34494 	519.417 	371.445 	0.5003 	24
-0.4091 	17928 	33177 	518.6053 	373.3298 	0.5404 	24
-0.4143 	16839 	34841 	517.7855 	375.2079 	0.4833 	24
-0.4198 	19198 	39274 	516.9566 	377.0793 	0.4888 	24
-0.4257 	19028 	34490 	516.118 	378.9438 	0.5517 	24
-0.432 	17554 	31586 	515.2689 	380.8013 	0.5558 	23
-0.4387 	18967 	37146 	514.4084 	382.6518 	0.5106 	25
-0.4457 	14748 	30903 	513.5359 	384.4952 	0.4772 	22
-0.4531 	19815 	39919 	512.6505 	386.3315 	0.4964 	26
-0.4608 	16730 	29741 	511.7515 	388.1604 	0.5625 	21
-0.4689 	22056 	38071 	510.8381 	389.982 	0.5793 	26
-0.4774 	18363 	33337 	509.9095 	391.7961 	0.5508 	23
-0.4862 	18746 	33137 	508.965 	393.6026 	0.5657 	23
-0.4954 	19004 	35536 	508.0038 	395.4016 	0.5348 	24
-0.5049 	17788 	30252 	507.0251 	397.1928 	0.588 	24
-0.5145 	18651 	28336 	506.0284 	398.9762 	0.6582 	23
-0.5242 	17814 	31228 	505.0135 	400.7515 	0.5704 	25
-0.5339 	16773 	28698 	503.9807 	402.5183 	0.5845 	22
-0.5436 	19832 	31804 	502.9299 	404.2763 	0.6236 	24
-0.5533 	19490 	30954 	501.8615 	406.0253 	0.6296 	24
-0.563 	18823 	29682 	500.7753 	407.7648 	0.6342 	23
-0.5728 	17159 	26251 	499.6717 	409.4946 	0.6537 	23
-0.5826 	16675 	27661 	498.5506 	411.2143 	0.6028 	24
-0.5924 	17405 	25489 	497.4122 	412.9236 	0.6828 	22
-0.6023 	20193 	30235 	496.2566 	414.6223 	0.6679 	24
-0.6122 	19645 	28198 	495.084 	416.3099 	0.6967 	23
-0.6222 	21647 	29734 	493.8943 	417.9861 	0.728 	25
-0.6322 	19668 	27171 	492.6878 	419.6508 	0.7239 	23
-0.6422 	19438 	28890 	491.4646 	421.3034 	0.6728 	23
-0.6523 	22990 	32269 	490.2248 	422.9437 	0.7124 	25
-0.6624 	21309 	27276 	488.9684 	424.5713 	0.7812 	23
-0.6726 	18818 	23189 	487.6956 	426.186 	0.8115 	22
-0.6829 	20080 	22987 	486.4066 	427.7875 	0.8735 	23
-0.6932 	20915 	22926 	485.1013 	429.3753 	0.9123 	23
-0.7036 	21439 	24369 	483.7801 	430.9492 	0.8798 	23
-0.714 	20310 	22632 	482.4428 	432.5089 	0.8974 	21
-0.7243 	23449 	26062 	481.0898 	434.0542 	0.8997 	25
-0.7346 	23231 	23652 	479.7213 	435.5851 	0.9822 	23
-0.7448 	24471 	27319 	478.3375 	437.1016 	0.8958 	24
-0.7549 	22663 	24812 	476.9386 	438.6037 	0.9134 	23
-0.7649 	17617 	20571 	475.5249 	440.0913 	0.8564 	21
-0.7749 	15284 	16002 	474.0966 	441.5645 	0.9551 	18
-0.7848 	22977 	22357 	472.6538 	443.0232 	1.0277 	24
-0.7946 	23787 	26616 	471.197 	444.4675 	0.8937 	24
-0.8044 	25208 	26310 	469.7263 	445.8972 	0.9581 	24
-0.8141 	25317 	25819 	468.2419 	447.3124 	0.9806 	24
-0.8237 	27064 	25259 	466.744 	448.7132 	1.0715 	24
-0.8332 	26148 	24961 	465.233 	450.0993 	1.0476 	23
-0.8427 	24600 	22990 	463.709 	451.471 	1.07 	22
-0.8521 	24183 	22151 	462.1722 	452.828 	1.0917 	22
-0.8614 	25862 	21774 	460.623 	454.1705 	1.1877 	23
-0.8707 	24645 	21444 	459.0614 	455.4984 	1.1493 	24
-0.8799 	24404 	20738 	457.4879 	456.8117 	1.1768 	22
-0.889 	25724 	20372 	455.9025 	458.1104 	1.2627 	22
-0.8981 	26387 	20562 	454.3055 	459.3944 	1.2833 	23
-0.9071 	27619 	21865 	452.6972 	460.6638 	1.2632 	24
-0.9161 	24608 	20533 	451.0777 	461.9185 	1.1985 	24
-0.925 	25451 	20180 	449.4473 	463.1585 	1.2612 	23
-0.934 	29321 	21585 	447.8062 	464.3837 	1.3584 	23
-0.9429 	28588 	20431 	446.1543 	465.594 	1.3992 	21
-0.9518 	14207 	9959 	444.492 	466.7895 	1.4265 	13
-0.9606 	1258 	907 	442.8195 	467.97 	1.387 	2
-0.9695 	0 	0 	441.1367 	469.1355 	NaN 	0
-0.9783 	0 	0 	439.4441 	470.2859 	NaN 	0
-0.9871 	0 	0 	437.7416 	471.4212 	NaN 	0
-0.9958 	0 	0 	436.0294 	472.5413 	NaN 	0
-1.0046 	0 	0 	434.3079 	473.6461 	NaN 	0
-1.0134 	0 	0 	432.577 	474.7357 	NaN 	0
-1.0221 	0 	0 	430.8369 	475.8099 	NaN 	0
-1.0308 	0 	0 	429.088 	476.8687 	NaN 	0
-1.0395 	0 	0 	427.3301 	477.912 	NaN 	0
-1.0482 	0 	0 	425.5637 	478.9398 	NaN 	0
-1.0569 	0 	0 	423.7887 	479.952 	NaN 	0
-1.0655 	0 	0 	422.0055 	480.9485 	NaN 	0
-1.0742 	0 	0 	420.2141 	481.9294 	NaN 	0
-1.0828 	0 	0 	418.4146 	482.8945 	NaN 	0
-1.0914 	0 	0 	416.6074 	483.8438 	NaN 	0
-1.1 	0 	0 	414.7925 	484.7772 	NaN 	0
-1.1086 	0 	0 	412.9701 	485.6949 	NaN 	0
-1.1172 	0 	0 	411.1402 	486.5967 	NaN 	0
-1.1257 	0 	0 	409.303 	487.4828 	NaN 	0
-1.1342 	0 	0 	407.4586 	488.353 	NaN 	0
-1.1426 	0 	0 	405.6072 	489.2075 	NaN 	0
-1.151 	0 	0 	403.7488 	490.0463 	NaN 	0
-1.1594 	0 	0 	401.8837 	490.8692 	NaN 	0
-1.1678 	0 	0 	400.0118 	491.6765 	NaN 	0
-1.1762 	0 	0 	398.1335 	492.468 	NaN 	0
-1.1845 	0 	0 	396.2487 	493.2438 	NaN 	0
-1.1928 	0 	0 	394.3576 	494.0039 	NaN 	0
-1.201 	0 	0 	392.4603 	494.7483 	NaN 	0
-1.2093 	0 	0 	390.557 	495.477 	NaN 	0
-1.2175 	0 	0 	388.6477 	496.1901 	NaN 	0
-1.2256 	0 	0 	386.7327 	496.8875 	NaN 	0
-1.2338 	0 	0 	384.812 	497.5692 	NaN 	0
-1.2419 	0 	0 	382.8858 	498.2352 	NaN 	0
-1.25 	0 	0 	380.9542 	498.8857 	NaN 	0
-1.2582 	0 	0 	379.0172 	499.5205 	NaN 	0
-1.2664 	0 	0 	377.0752 	500.1395 	NaN 	0
-1.2747 	0 	0 	375.1281 	500.7424 	NaN 	0
-1.2831 	0 	0 	373.1762 	501.329 	NaN 	0
-1.2917 	0 	0 	371.2198 	501.8988 	NaN 	0
-1.3004 	0 	0 	369.2588 	502.4516 	NaN 	0
-1.3093 	0 	0 	367.2935 	502.9869 	NaN 	0
-1.3183 	0 	0 	365.3241 	503.5046 	NaN 	0
-1.3274 	0 	0 	363.3507 	504.0043 	NaN 	0
-1.3367 	0 	0 	361.3735 	504.4856 	NaN 	0
-1.3461 	0 	0 	359.3927 	504.9483 	NaN 	0
-1.3556 	0 	0 	357.4084 	505.392 	NaN 	0
-1.3653 	0 	0 	355.4207 	505.8164 	NaN 	0
-1.3752 	0 	0 	353.43 	506.2211 	NaN 	0
-1.3852 	0 	0 	351.4363 	506.6059 	NaN 	0
-1.3953 	0 	0 	349.4398 	506.9705 	NaN 	0
-1.4056 	0 	0 	347.4406 	507.3144 	NaN 	0
-1.4161 	0 	0 	345.439 	507.6374 	NaN 	0
-1.4267 	0 	0 	343.4351 	507.9392 	NaN 	0
-1.4374 	0 	0 	341.429 	508.2195 	NaN 	0
-1.4482 	0 	0 	339.421 	508.4778 	NaN 	0
-1.4588 	0 	0 	337.4111 	508.7143 	NaN 	0
-1.4689 	0 	0 	335.3995 	508.93 	NaN 	0
-1.4784 	0 	0 	333.3864 	509.126 	NaN 	0
-1.4874 	0 	0 	331.3716 	509.3033 	NaN 	0
-1.4958 	0 	0 	329.3554 	509.4631 	NaN 	0
-1.5037 	0 	0 	327.3378 	509.6064 	NaN 	0
-1.511 	0 	0 	325.319 	509.7344 	NaN 	0
-1.5178 	0 	0 	323.299 	509.8481 	NaN 	0
-1.5241 	0 	0 	321.2779 	509.9487 	NaN 	0
-1.5298 	0 	0 	319.2558 	510.0372 	NaN 	0
-1.5349 	0 	0 	317.2328 	510.1147 	NaN 	0
-1.5395 	0 	0 	315.209 	510.1824 	NaN 	0
-1.5436 	0 	0 	313.1845 	510.2413 	NaN 	0
-1.5471 	0 	0 	311.1593 	510.2925 	NaN 	0
-1.5501 	0 	0 	309.1336 	510.3371 	NaN 	0
-1.5526 	0 	0 	307.1074 	510.3763 	NaN 	0
-1.5545 	0 	0 	305.0809 	510.411 	NaN 	0
-1.5558 	0 	0 	303.0541 	510.4425 	NaN 	0
-1.5566 	0 	0 	301.0271 	510.4718 	NaN 	0
-1.5569 	0 	0 	299 	510.5 	NaN 	0